38806.67 2576.105 6.5 5.5 -0.24050  0.015966 0.25926
38806.67 2576.105 5.5 5.5 -0.21385  0.014197 0.02525
38806.67 2576.105 5.5 4.5 -0.06755  0.004484 0.19697
38806.67 2576.105 4.5 5.5 -0.19130  0.012700 0.00120
38806.67 2576.105 4.5 4.5 -0.04500  0.002987 0.03848
38806.67 2576.105 4.5 3.5  0.07470 -0.004959 0.14550
38806.67 2576.105 3.5 4.5 -0.02655  0.001763 0.00265
38806.67 2576.105 3.5 3.5  0.09315 -0.006184 0.04157
38806.67 2576.105 3.5 2.5  0.18625 -0.012365 0.10393
38806.67 2576.105 2.5 3.5  0.10750 -0.007137 0.00340
38806.67 2576.105 2.5 2.5  0.20060 -0.013317 0.03628
38806.67 2576.105 2.5 1.5  0.26710 -0.017732 0.07143
38806.67 2576.105 1.5 2.5  0.21085 -0.013998 0.00265
38806.67 2576.105 1.5 1.5  0.27735 -0.018412 0.02381
38806.67 2576.105 1.5 0.5  0.31725 -0.021061 0.04762
38543.08 2593.724 5.5 5.5 -0.23550  0.015849 0.25325
38543.08 2593.724 5.5 4.5 -0.08920  0.006003 0.03247
38543.08 2593.724 4.5 5.5 -0.20910  0.014072 0.03247
38543.08 2593.724 4.5 4.5 -0.06280  0.004226 0.15713
38543.08 2593.724 4.5 3.5  0.05690 -0.003829 0.04850
38543.08 2593.724 3.5 4.5 -0.04120  0.002773 0.04850
38543.08 2593.724 3.5 3.5  0.07850 -0.005283 0.09095
38543.08 2593.724 3.5 2.5  0.17160 -0.011548 0.05102
38543.08 2593.724 2.5 3.5  0.09530 -0.006414 0.05102
38543.08 2593.724 2.5 2.5  0.18840 -0.012679 0.04898
38543.08 2593.724 2.5 1.5  0.25490 -0.017154 0.04286
38543.08 2593.724 1.5 2.5  0.20040 -0.013487 0.04286
38543.08 2593.724 1.5 1.5  0.26690 -0.017962 0.02593
38543.08 2593.724 1.5 0.5  0.30680 -0.020647 0.02646
38543.08 2593.724 0.5 1.5  0.27410 -0.018446 0.02646
38543.08 2593.724 0.5 0.5  0.31400 -0.021132 0.02116
38366.18 2605.684 4.5 5.5 -0.29029  0.019717 0.28571
38366.18 2605.684 4.5 4.5 -0.14399  0.009780 0.04409
38366.18 2605.684 4.5 3.5 -0.02429  0.001650 0.00353
38366.18 2605.684 3.5 4.5 -0.06226  0.004229 0.19400
38366.18 2605.684 3.5 3.5  0.05744 -0.003901 0.06450
38366.18 2605.684 3.5 2.5  0.15054 -0.010224 0.00816
38366.18 2605.684 2.5 3.5  0.12098 -0.008217 0.12245
38366.18 2605.684 2.5 2.5  0.21408 -0.014540 0.06612
38366.18 2605.684 2.5 1.5  0.28058 -0.019057 0.01143
38366.18 2605.684 1.5 2.5  0.25945 -0.017622 0.06857
38366.18 2605.684 1.5 1.5  0.32595 -0.022138 0.05418
38366.18 2605.684 1.5 0.5  0.36585 -0.024848 0.01058
38366.18 2605.684 0.5 1.5  0.35317 -0.023987 0.02963
38366.18 2605.684 0.5 0.5  0.39307 -0.026697 0.03704
34084.17 2933.055 3.5 4.5  0.13908 -0.011969 0.33333
34084.17 2933.055 3.5 3.5 -0.04132  0.003556 0.09524
34084.17 2933.055 3.5 2.5 -0.18166  0.015633 0.01587
34084.17 2933.055 2.5 3.5  0.04440 -0.003821 0.17143
34084.17 2933.055 2.5 2.5 -0.09593  0.008256 0.12190
34084.17 2933.055 2.5 1.5 -0.19618  0.016883 0.04000
34084.17 2933.055 1.5 2.5 -0.03402  0.002928 0.06222
34084.17 2933.055 1.5 1.5 -0.13427  0.011555 0.09333
34084.17 2933.055 1.5 0.5 -0.19443  0.016732 0.06667
34011.67 2939.308 4.5 4.5  0.14792 -0.012784 0.27160
34011.67 2939.308 4.5 3.5 -0.03248  0.002807 0.06173
34011.67 2939.308 3.5 4.5  0.19652 -0.016984 0.06173
34011.67 2939.308 3.5 3.5  0.01611 -0.001393 0.11922
34011.67 2939.308 3.5 2.5 -0.12422  0.010736 0.08571
34011.67 2939.308 2.5 3.5  0.05188 -0.004484 0.08571
34011.67 2939.308 2.5 2.5 -0.08846  0.007645 0.03429
34011.67 2939.308 2.5 1.5 -0.18871  0.016309 0.08000
34011.67 2939.308 1.5 2.5 -0.06400  0.005531 0.08000
34011.67 2939.308 1.5 1.5 -0.16425  0.014195 0.00148
34011.67 2939.308 1.5 0.5 -0.22441  0.019395 0.05185
34011.67 2939.308 0.5 1.5 -0.15001  0.012965 0.05185
34011.67 2939.308 0.5 0.5 -0.21017  0.018164 0.01481
33897.54 2949.204 5.5 4.5  0.16357 -0.014232 0.28571
33897.54 2949.204 4.5 4.5  0.18959 -0.016495 0.04409
33897.54 2949.204 4.5 3.5  0.00918 -0.000799 0.19400
33897.54 2949.204 3.5 4.5  0.21215 -0.018458 0.00353
33897.54 2949.204 3.5 3.5  0.03174 -0.002762 0.06450
33897.54 2949.204 3.5 2.5 -0.10859  0.009448 0.12245
33897.54 2949.204 2.5 3.5  0.05009 -0.004358 0.00816
33897.54 2949.204 2.5 2.5 -0.09025  0.007852 0.06612
33897.54 2949.204 2.5 1.5 -0.19050  0.016575 0.06857
33897.54 2949.204 1.5 2.5 -0.07672  0.006676 0.01143
33897.54 2949.204 1.5 1.5 -0.17698  0.015398 0.05418
33897.54 2949.204 1.5 0.5 -0.23713  0.020633 0.02963
33897.54 2949.204 0.5 1.5 -0.16869  0.014677 0.01058
33897.54 2949.204 0.5 0.5 -0.22885  0.019912 0.03704
29044.65 3441.988 5.5 6.5 -0.03689  0.004372 0.25926
29044.65 3441.988 5.5 5.5 -0.03689  0.004372 0.02525
29044.65 3441.988 5.5 4.5 -0.03689  0.004372 0.00120
29044.65 3441.988 4.5 5.5 -0.01088  0.001289 0.19697
29044.65 3441.988 4.5 4.5 -0.01088  0.001289 0.03848
29044.65 3441.988 4.5 3.5 -0.01088  0.001289 0.00265
29044.65 3441.988 3.5 4.5  0.01168 -0.001385 0.14550
29044.65 3441.988 3.5 3.5  0.01168 -0.001385 0.04157
29044.65 3441.988 3.5 2.5  0.01168 -0.001385 0.00340
29044.65 3441.988 2.5 3.5  0.03002 -0.003558 0.10393
29044.65 3441.988 2.5 2.5  0.03002 -0.003558 0.03628
29044.65 3441.988 2.5 1.5  0.03002 -0.003558 0.00265
29044.65 3441.988 1.5 2.5  0.04355 -0.005161 0.07143
29044.65 3441.988 1.5 1.5  0.04355 -0.005161 0.02381
29044.65 3441.988 0.5 1.5  0.05184 -0.006143 0.04762
28890.82 3460.316 4.5 5.5 -0.05340  0.006396 0.28571
28890.82 3460.316 4.5 4.5 -0.05364  0.006425 0.04409
28890.82 3460.316 4.5 3.5 -0.05277  0.006321 0.00353
28890.82 3460.316 3.5 4.5 -0.00505  0.000604 0.19400
28890.82 3460.316 3.5 3.5 -0.00418  0.000500 0.06450
28890.82 3460.316 3.5 2.5 -0.00284  0.000340 0.00816
28890.82 3460.316 2.5 3.5  0.03159 -0.003784 0.12245
28890.82 3460.316 2.5 2.5  0.03293 -0.003944 0.06612
28890.82 3460.316 2.5 1.5  0.03424 -0.004101 0.01143
28890.82 3460.316 1.5 2.5  0.05739 -0.006874 0.06857
28890.82 3460.316 1.5 1.5  0.05870 -0.007031 0.05418
28890.82 3460.316 1.5 0.5  0.05963 -0.007142 0.01058
28890.82 3460.316 0.5 1.5  0.07294 -0.008737 0.02963
28890.82 3460.316 0.5 0.5  0.07387 -0.008848 0.03704
28776.69 3474.040 5.5 5.5 -0.03775  0.004558 0.25325
28776.69 3474.040 5.5 4.5 -0.03799  0.004586 0.03247
28776.69 3474.040 4.5 5.5 -0.01174  0.001417 0.03247
28776.69 3474.040 4.5 4.5 -0.01197  0.001446 0.15713
28776.69 3474.040 4.5 3.5 -0.01110  0.001341 0.04850
28776.69 3474.040 3.5 4.5  0.01059 -0.001278 0.04850
28776.69 3474.040 3.5 3.5  0.01146 -0.001383 0.09095
28776.69 3474.040 3.5 2.5  0.01280 -0.001545 0.05102
28776.69 3474.040 2.5 3.5  0.02980 -0.003597 0.05102
28776.69 3474.040 2.5 2.5  0.03114 -0.003759 0.04898
28776.69 3474.040 2.5 1.5  0.03245 -0.003918 0.04286
28776.69 3474.040 1.5 2.5  0.04466 -0.005392 0.04286
28776.69 3474.040 1.5 1.5  0.04598 -0.005551 0.02593
28776.69 3474.040 1.5 0.5  0.04691 -0.005663 0.02646
28776.69 3474.040 0.5 1.5  0.05426 -0.006551 0.02646
28776.69 3474.040 0.5 0.5  0.05519 -0.006663 0.02116
28775.95 3474.130 3.5 4.5 -0.05521  0.006666 0.33333
28775.95 3474.130 3.5 3.5 -0.06137  0.007409 0.09524
28775.95 3474.130 3.5 2.5 -0.06522  0.007874 0.01587
28775.95 3474.130 2.5 3.5  0.02436 -0.002941 0.17143
28775.95 3474.130 2.5 2.5  0.02051 -0.002476 0.12190
28775.95 3474.130 2.5 1.5  0.01826 -0.002204 0.04000
28775.95 3474.130 1.5 2.5  0.08242 -0.009950 0.06222
28775.95 3474.130 1.5 1.5  0.08017 -0.009679 0.09333
28775.95 3474.130 1.5 0.5  0.07901 -0.009540 0.06667
28703.45 3482.905 4.5 4.5 -0.04637  0.005627 0.27160
28703.45 3482.905 4.5 3.5 -0.05253  0.006374 0.06173
28703.45 3482.905 3.5 4.5  0.00222 -0.000270 0.06173
28703.45 3482.905 3.5 3.5 -0.00393  0.000477 0.11922
28703.45 3482.905 3.5 2.5 -0.00778  0.000945 0.08571
28703.45 3482.905 2.5 3.5  0.03183 -0.003863 0.08571
28703.45 3482.905 2.5 2.5  0.02798 -0.003395 0.03429
28703.45 3482.905 2.5 1.5  0.02573 -0.003122 0.08000
28703.45 3482.905 1.5 2.5  0.05244 -0.006363 0.08000
28703.45 3482.905 1.5 1.5  0.05019 -0.006090 0.00148
28703.45 3482.905 1.5 0.5  0.04904 -0.005950 0.05185
28703.45 3482.905 0.5 1.5  0.06443 -0.007818 0.05185
28703.45 3482.905 0.5 0.5  0.06328 -0.007678 0.01481
28655.96 3488.677 3.5 3.5 -0.05602  0.006821 0.28571
28655.96 3488.677 3.5 2.5 -0.06477  0.007885 0.15873
28655.96 3488.677 2.5 3.5  0.02971 -0.003617 0.15873
28655.96 3488.677 2.5 2.5  0.02096 -0.002552 0.01905
28655.96 3488.677 2.5 1.5  0.01869 -0.002276 0.15556
28655.96 3488.677 1.5 2.5  0.08287 -0.010089 0.15556
28655.96 3488.677 1.5 1.5  0.08060 -0.009813 0.06667
28597.30 3495.833 3.5 2.5 -0.06138  0.007504 0.44444
28597.30 3495.833 2.5 2.5  0.02434 -0.002976 0.33333
28597.30 3495.833 1.5 2.5  0.08625 -0.010544 0.22222
28589.32 3496.809 5.5 4.5 -0.03072  0.003758 0.28571
28589.32 3496.809 4.5 4.5 -0.00471  0.000576 0.04409
28589.32 3496.809 4.5 3.5 -0.01086  0.001328 0.19400
28589.32 3496.809 3.5 4.5  0.01785 -0.002184 0.00353
28589.32 3496.809 3.5 3.5  0.01170 -0.001431 0.06450
28589.32 3496.809 3.5 2.5  0.00785 -0.000960 0.12245
28589.32 3496.809 2.5 3.5  0.03004 -0.003674 0.00816
28589.32 3496.809 2.5 2.5  0.02619 -0.003203 0.06612
28589.32 3496.809 2.5 1.5  0.02394 -0.002928 0.06857
28589.32 3496.809 1.5 2.5  0.03971 -0.004858 0.01143
28589.32 3496.809 1.5 1.5  0.03746 -0.004582 0.05418
28589.32 3496.809 1.5 0.5  0.03631 -0.004441 0.02963
28589.32 3496.809 0.5 1.5  0.04575 -0.005596 0.01058
28589.32 3496.809 0.5 0.5  0.04460 -0.005455 0.03704
28583.46 3497.526 4.5 3.5 -0.04718  0.005774 0.33333
28583.46 3497.526 3.5 3.5  0.00141 -0.000173 0.09524
28583.46 3497.526 3.5 2.5 -0.00733  0.000897 0.17143
28583.46 3497.526 2.5 3.5  0.03718 -0.004549 0.01587
28583.46 3497.526 2.5 2.5  0.02843 -0.003479 0.12190
28583.46 3497.526 2.5 1.5  0.02617 -0.003202 0.06222
28583.46 3497.526 1.5 2.5  0.05289 -0.006472 0.04000
28583.46 3497.526 1.5 1.5  0.05063 -0.006195 0.09333
28583.46 3497.526 0.5 1.5  0.06486 -0.007937 0.06667
28305.87 3531.827 6.0 5.0  0.03452 -0.004308 0.27083
28305.87 3531.827 5.0 5.0 -0.07108  0.008869 0.03274
28305.87 3531.827 5.0 4.0  0.02486 -0.003103 0.19643
28305.87 3531.827 4.0 5.0 -0.15907  0.019849 0.00198
28305.87 3531.827 4.0 4.0 -0.06313  0.007878 0.04911
28305.87 3531.827 4.0 3.0  0.01313 -0.001638 0.13641
28305.87 3531.827 3.0 4.0 -0.13353  0.016662 0.00446
28305.87 3531.827 3.0 3.0 -0.05727  0.007146 0.05208
28305.87 3531.827 3.0 2.0 -0.00035  0.000044 0.08929
28305.87 3531.827 2.0 3.0 -0.11007  0.013734 0.00595
28305.87 3531.827 2.0 2.0 -0.05315  0.006632 0.04464
28305.87 3531.827 2.0 1.0 -0.01534  0.001915 0.05357
28305.87 3531.827 1.0 2.0 -0.08835  0.011024 0.00496
28305.87 3531.827 1.0 1.0 -0.05054  0.006307 0.02976
28305.87 3531.827 1.0 0.0 -0.03168  0.003953 0.02778
28304.57 3531.989 5.0 5.0  0.03115 -0.003887 0.26190
28304.57 3531.989 5.0 4.0  0.12709 -0.015859 0.04365
28304.57 3531.989 4.0 5.0 -0.08935  0.011150 0.04365
28304.57 3531.989 4.0 4.0  0.00659 -0.000822 0.14286
28304.57 3531.989 4.0 3.0  0.08286 -0.010339 0.06349
28304.57 3531.989 3.0 4.0 -0.08981  0.011207 0.06349
28304.57 3531.989 3.0 3.0 -0.01354  0.001690 0.06667
28304.57 3531.989 3.0 2.0  0.04337 -0.005412 0.06429
28304.57 3531.989 2.0 3.0 -0.08584  0.010712 0.06429
28304.57 3531.989 2.0 2.0 -0.02893  0.003610 0.02381
28304.57 3531.989 2.0 1.0  0.00888 -0.001108 0.05079
28304.57 3531.989 1.0 2.0 -0.07713  0.009625 0.05079
28304.57 3531.989 1.0 1.0 -0.03932  0.004907 0.00476
28304.57 3531.989 1.0 0.0 -0.02046  0.002553 0.02778
28304.57 3531.989 0.0 1.0 -0.06342  0.007914 0.02778
28303.63 3532.106 4.0 5.0  0.02453 -0.003061 0.30556
28303.63 3532.106 4.0 4.0  0.12047 -0.015034 0.06250
28303.63 3532.106 4.0 3.0  0.19673 -0.024551 0.00694
28303.63 3532.106 3.0 4.0 -0.03314  0.004135 0.18750
28303.63 3532.106 3.0 3.0  0.04313 -0.005383 0.08750
28303.63 3532.106 3.0 2.0  0.10005 -0.012486 0.01667
28303.63 3532.106 2.0 3.0 -0.07207  0.008994 0.10000
28303.63 3532.106 2.0 2.0 -0.01515  0.001891 0.08333
28303.63 3532.106 2.0 1.0  0.02266 -0.002827 0.02500
28303.63 3532.106 1.0 2.0 -0.09195  0.011475 0.03889
28303.63 3532.106 1.0 1.0 -0.05414  0.006757 0.05833
28303.63 3532.106 1.0 0.0 -0.03528  0.004403 0.02778
28178.51 3547.790 7.0 6.0  0.01796 -0.002262 0.25000
28178.51 3547.790 6.0 6.0 -0.09194  0.011576 0.02006
28178.51 3547.790 6.0 5.0  0.01569 -0.001976 0.19660
28178.51 3547.790 5.0 6.0 -0.18614  0.023436 0.00077
28178.51 3547.790 5.0 5.0 -0.07851  0.009885 0.03090
28178.51 3547.790 5.0 4.0  0.01252 -0.001577 0.15167
28178.51 3547.790 4.0 5.0 -0.15701  0.019768 0.00167
28178.51 3547.790 4.0 4.0 -0.06598  0.008307 0.03375
28178.51 3547.790 4.0 3.0  0.00772 -0.000972 0.11458
28178.51 3547.790 3.0 4.0 -0.12878  0.016214 0.00208
28178.51 3547.790 3.0 3.0 -0.05508  0.006935 0.02971
28178.51 3547.790 3.0 2.0  0.00070 -0.000088 0.08488
28178.51 3547.790 2.0 3.0 -0.10218  0.012865 0.00154
28178.51 3547.790 2.0 2.0 -0.04640  0.005842 0.01929
28178.51 3547.790 2.0 1.0 -0.00897  0.001129 0.06250
28176.69 3548.020 6.0 6.0 -0.00466  0.000587 0.24576
28176.69 3548.020 6.0 5.0  0.10297 -0.012966 0.02508
28176.69 3548.020 5.0 6.0 -0.11026  0.013885 0.02508
28176.69 3548.020 5.0 5.0 -0.00263  0.000331 0.16599
28176.69 3548.020 5.0 4.0  0.08840 -0.011131 0.03810
28176.69 3548.020 4.0 5.0 -0.09063  0.011413 0.03810
28176.69 3548.020 4.0 4.0  0.00040 -0.000050 0.10848
28176.69 3548.020 4.0 3.0  0.07409 -0.009330 0.04092
28176.69 3548.020 3.0 4.0 -0.07000  0.008815 0.04092
28176.69 3548.020 3.0 3.0  0.00369 -0.000465 0.06964
28176.69 3548.020 3.0 2.0  0.05948 -0.007490 0.03527
28176.69 3548.020 2.0 3.0 -0.04911  0.006184 0.03527
28176.69 3548.020 2.0 2.0  0.00668 -0.000841 0.04657
28176.69 3548.020 2.0 1.0  0.04411 -0.005554 0.02232
28176.69 3548.020 1.0 2.0 -0.02852  0.003592 0.02232
28176.69 3548.020 1.0 1.0  0.00891 -0.001122 0.04018
28175.39 3548.183 5.0 6.0 -0.00804  0.001012 0.27083
28175.39 3548.183 5.0 5.0  0.09959 -0.012542 0.03274
28175.39 3548.183 5.0 4.0  0.19062 -0.024006 0.00198
28175.39 3548.183 4.0 5.0 -0.02091  0.002633 0.19643
28175.39 3548.183 4.0 4.0  0.07012 -0.008831 0.04911
28175.39 3548.183 4.0 3.0  0.14382 -0.018112 0.00446
28175.39 3548.183 3.0 4.0 -0.02628  0.003309 0.13641
28175.39 3548.183 3.0 3.0  0.04742 -0.005972 0.05208
28175.39 3548.183 3.0 2.0  0.10320 -0.012997 0.00595
28175.39 3548.183 2.0 3.0 -0.02488  0.003133 0.08929
28175.39 3548.183 2.0 2.0  0.03090 -0.003892 0.04464
28175.39 3548.183 2.0 1.0  0.06833 -0.008606 0.00496
28175.39 3548.183 1.0 2.0 -0.01730  0.002178 0.05357
28175.39 3548.183 1.0 1.0  0.02013 -0.002536 0.02976
28175.39 3548.183 0.0 1.0 -0.00397  0.000499 0.02778
28007.21 3569.490 8.0 7.0  0.02775 -0.003537 0.23611
28007.21 3569.490 7.0 7.0 -0.08825  0.011248 0.01353
28007.21 3569.490 7.0 6.0  0.01904 -0.002426 0.19481
28007.21 3569.490 6.0 7.0 -0.18975  0.024184 0.00036
28007.21 3569.490 6.0 6.0 -0.08246  0.010510 0.02110
28007.21 3569.490 6.0 5.0  0.00898 -0.001144 0.15909
28007.21 3569.490 5.0 6.0 -0.16946  0.021599 0.00076
28007.21 3569.490 5.0 5.0 -0.07802  0.009944 0.02333
28007.21 3569.490 5.0 4.0 -0.00219  0.000279 0.12869
28007.21 3569.490 4.0 5.0 -0.15052  0.019185 0.00091
28007.21 3569.490 4.0 4.0 -0.07469  0.009519 0.02068
28007.21 3569.490 4.0 3.0 -0.01426  0.001818 0.10341
28007.21 3569.490 3.0 4.0 -0.13269  0.016912 0.00063
28007.21 3569.490 3.0 3.0 -0.07226  0.009210 0.01326
28007.21 3569.490 3.0 2.0 -0.02708  0.003452 0.08333
28004.78 3569.800 7.0 7.0  0.00500 -0.000637 0.23377
28004.78 3569.800 7.0 6.0  0.11229 -0.014314 0.01623
28004.78 3569.800 6.0 7.0 -0.10490  0.013372 0.01623
28004.78 3569.800 6.0 6.0  0.00239 -0.000304 0.17529
28004.78 3569.800 6.0 5.0  0.09383 -0.011960 0.02514
28004.78 3569.800 5.0 6.0 -0.09181  0.011704 0.02514
28004.78 3569.800 5.0 5.0 -0.00037  0.000048 0.13062
28004.78 3569.800 5.0 4.0  0.07546 -0.009619 0.02758
28004.78 3569.800 4.0 5.0 -0.07887  0.010054 0.02758
28004.78 3569.800 4.0 4.0 -0.00304  0.000388 0.09818
28004.78 3569.800 4.0 3.0  0.05739 -0.007315 0.02424
28004.78 3569.800 3.0 4.0 -0.06584  0.008393 0.02424
28004.78 3569.800 3.0 3.0 -0.00541  0.000690 0.07699
28004.78 3569.800 3.0 2.0  0.03977 -0.005069 0.01543
28004.78 3569.800 2.0 3.0 -0.05251  0.006694 0.01543
28004.78 3569.800 2.0 2.0 -0.00733  0.000935 0.06790
28002.96 3570.032 6.0 7.0 -0.01763  0.002247 0.25000
28002.96 3570.032 6.0 6.0  0.08966 -0.011431 0.02006
28002.96 3570.032 6.0 5.0  0.18110 -0.023089 0.00077
28002.96 3570.032 5.0 6.0 -0.01594  0.002032 0.19660
28002.96 3570.032 5.0 5.0  0.07550 -0.009626 0.03090
28002.96 3570.032 5.0 4.0  0.15134 -0.019294 0.00167
28002.96 3570.032 4.0 5.0 -0.01250  0.001593 0.15167
28002.96 3570.032 4.0 4.0  0.06334 -0.008075 0.03375
28002.96 3570.032 4.0 3.0  0.12376 -0.015778 0.00208
28002.96 3570.032 3.0 4.0 -0.00706  0.000901 0.11458
28002.96 3570.032 3.0 3.0  0.05336 -0.006803 0.02971
28002.96 3570.032 3.0 2.0  0.09854 -0.012563 0.00154
28002.96 3570.032 2.0 3.0  0.00056 -0.000072 0.08488
28002.96 3570.032 2.0 2.0  0.04574 -0.005832 0.01929
28002.96 3570.032 1.0 2.0  0.01054 -0.001344 0.06250
24880.35 4018.100 6.0 7.0 -0.18123  0.029268 0.25000
24880.35 4018.100 6.0 6.0 -0.06001  0.009692 0.02006
24880.35 4018.100 6.0 5.0  0.04245 -0.006856 0.00077
24880.35 4018.100 5.0 6.0 -0.06781  0.010952 0.19660
24880.35 4018.100 5.0 5.0  0.03465 -0.005596 0.03090
24880.35 4018.100 5.0 4.0  0.11903 -0.019222 0.00167
24880.35 4018.100 4.0 5.0  0.02815 -0.004546 0.15167
24880.35 4018.100 4.0 4.0  0.11253 -0.018173 0.03375
24880.35 4018.100 4.0 3.0  0.17936 -0.028967 0.00208
24880.35 4018.100 3.0 4.0  0.10733 -0.017333 0.11458
24880.35 4018.100 3.0 3.0  0.17416 -0.028127 0.02971
24880.35 4018.100 3.0 2.0  0.22391 -0.036161 0.00154
24880.35 4018.100 2.0 3.0  0.17026 -0.027497 0.08488
24880.35 4018.100 2.0 2.0  0.22001 -0.035531 0.01929
24880.35 4018.100 1.0 2.0  0.21741 -0.035111 0.06250
24802.25 4030.753 6.0 5.0 -0.04049  0.006580 0.27083
24802.25 4030.753 5.0 5.0 -0.12746  0.020714 0.03274
24802.25 4030.753 5.0 4.0  0.00554 -0.000901 0.19643
24802.25 4030.753 4.0 5.0 -0.19909  0.032356 0.00198
24802.25 4030.753 4.0 4.0 -0.06609  0.010741 0.04911
24802.25 4030.753 4.0 3.0  0.04031 -0.006551 0.13641
24802.25 4030.753 3.0 4.0 -0.12285  0.019966 0.00446
24802.25 4030.753 3.0 3.0 -0.01645  0.002674 0.05208
24802.25 4030.753 3.0 2.0  0.06335 -0.010295 0.08929
24802.25 4030.753 2.0 3.0 -0.05870  0.009540 0.00595
24802.25 4030.753 2.0 2.0  0.02110 -0.003429 0.04464
24802.25 4030.753 2.0 1.0  0.07430 -0.012075 0.05357
24802.25 4030.753 1.0 2.0 -0.00692  0.001124 0.00496
24802.25 4030.753 1.0 1.0  0.04628 -0.007522 0.02976
24802.25 4030.753 1.0 0.0  0.07288 -0.011845 0.02778
24788.05 4033.062 5.0 5.0 -0.06942  0.011295 0.26190
24788.05 4033.062 5.0 4.0  0.06358 -0.010345 0.04365
24788.05 4033.062 4.0 5.0 -0.14590  0.023739 0.04365
24788.05 4033.062 4.0 4.0 -0.01290  0.002099 0.14286
24788.05 4033.062 4.0 3.0  0.09350 -0.015212 0.06349
24788.05 4033.062 3.0 4.0 -0.07541  0.012270 0.06349
24788.05 4033.062 3.0 3.0  0.03099 -0.005041 0.06667
24788.05 4033.062 3.0 2.0  0.11079 -0.018025 0.06429
24788.05 4033.062 2.0 3.0 -0.01667  0.002712 0.06429
24788.05 4033.062 2.0 2.0  0.06313 -0.010271 0.02381
24788.05 4033.062 2.0 1.0  0.11633 -0.018927 0.05079
24788.05 4033.062 1.0 2.0  0.03099 -0.005043 0.05079
24788.05 4033.062 1.0 1.0  0.08419 -0.013698 0.00476
24788.05 4033.062 1.0 0.0  0.11079 -0.018026 0.02778
24788.05 4033.062 0.0 1.0  0.06801 -0.011066 0.02778
24779.32 4034.483 4.0 5.0 -0.09462  0.015407 0.30556
24779.32 4034.483 4.0 4.0  0.03838 -0.006248 0.06250
24779.32 4034.483 4.0 3.0  0.14478 -0.023572 0.00694
24779.32 4034.483 3.0 4.0 -0.03823  0.006225 0.18750
24779.32 4034.483 3.0 3.0  0.06817 -0.011099 0.08750
24779.32 4034.483 3.0 2.0  0.14797 -0.024092 0.01667
24779.32 4034.483 2.0 3.0  0.01112 -0.001810 0.10000
24779.32 4034.483 2.0 2.0  0.09092 -0.014803 0.08333
24779.32 4034.483 2.0 1.0  0.14412 -0.023465 0.02500
24779.32 4034.483 1.0 2.0  0.05308 -0.008642 0.03889
24779.32 4034.483 1.0 1.0  0.10628 -0.017304 0.05833
24779.32 4034.483 1.0 0.0  0.13288 -0.021635 0.02778
24771.73 4035.719 5.0 6.0 -0.13975  0.022769 0.27083
24771.73 4035.719 5.0 5.0 -0.04753  0.007744 0.03274
24771.73 4035.719 5.0 4.0  0.02904 -0.004730 0.00198
24771.73 4035.719 4.0 5.0 -0.04303  0.007011 0.19643
24771.73 4035.719 4.0 4.0  0.03354 -0.005464 0.04911
24771.73 4035.719 4.0 3.0  0.09460 -0.015413 0.00446
24771.73 4035.719 3.0 4.0  0.03714 -0.006050 0.13641
24771.73 4035.719 3.0 3.0  0.09820 -0.015999 0.05208
24771.73 4035.719 3.0 2.0  0.14390 -0.023443 0.00595
24771.73 4035.719 2.0 3.0  0.10090 -0.016439 0.08929
24771.73 4035.719 2.0 2.0  0.14660 -0.023883 0.04464
24771.73 4035.719 2.0 1.0  0.17701 -0.028837 0.00496
24771.73 4035.719 1.0 2.0  0.14840 -0.024176 0.05357
24771.73 4035.719 1.0 1.0  0.17881 -0.029131 0.02976
24771.73 4035.719 0.0 1.0  0.17971 -0.029277 0.02778
24737.19 4041.354 7.0 7.0 -0.15998  0.026136 0.23377
24737.19 4041.354 7.0 6.0 -0.03876  0.006333 0.01623
24737.19 4041.354 6.0 7.0 -0.18028  0.029453 0.01623
24737.19 4041.354 6.0 6.0 -0.05906  0.009649 0.17529
24737.19 4041.354 6.0 5.0  0.04340 -0.007090 0.02514
24737.19 4041.354 5.0 6.0 -0.07646  0.012492 0.02514
24737.19 4041.354 5.0 5.0  0.02600 -0.004248 0.13062
24737.19 4041.354 5.0 4.0  0.11038 -0.018032 0.02758
24737.19 4041.354 4.0 5.0  0.01150 -0.001879 0.02758
24737.19 4041.354 4.0 4.0  0.09588 -0.015664 0.09818
24737.19 4041.354 4.0 3.0  0.16271 -0.026583 0.02424
24737.19 4041.354 3.0 4.0  0.08428 -0.013768 0.02424
24737.19 4041.354 3.0 3.0  0.15111 -0.024688 0.07699
24737.19 4041.354 3.0 2.0  0.20086 -0.032815 0.01543
24737.19 4041.354 2.0 3.0  0.14241 -0.023267 0.01543
24737.19 4041.354 2.0 2.0  0.19216 -0.031393 0.06790
24692.05 4048.743 4.0 5.0 -0.10941  0.017940 0.30556
24692.05 4048.743 4.0 4.0 -0.03751  0.006150 0.06250
24692.05 4048.743 4.0 3.0  0.02086 -0.003420 0.00694
24692.05 4048.743 3.0 4.0 -0.01751  0.002870 0.18750
24692.05 4048.743 3.0 3.0  0.04086 -0.006700 0.08750
24692.05 4048.743 3.0 2.0  0.08512 -0.013957 0.01667
24692.05 4048.743 2.0 3.0  0.05586 -0.009159 0.10000
24692.05 4048.743 2.0 2.0  0.10012 -0.016417 0.08333
24692.05 4048.743 2.0 1.0  0.12986 -0.021294 0.02500
24692.05 4048.743 1.0 2.0  0.11012 -0.018057 0.03889
24692.05 4048.743 1.0 1.0  0.13986 -0.022934 0.05833
24692.05 4048.743 1.0 0.0  0.15481 -0.025384 0.02778
24650.64 4055.544 6.0 6.0 -0.12275  0.020196 0.24576
24650.64 4055.544 6.0 5.0 -0.03053  0.005023 0.02508
24650.64 4055.544 5.0 6.0 -0.13055  0.021479 0.02508
24650.64 4055.544 5.0 5.0 -0.03833  0.006306 0.16599
24650.64 4055.544 5.0 4.0  0.03824 -0.006291 0.03810
24650.64 4055.544 4.0 5.0 -0.04483  0.007376 0.03810
24650.64 4055.544 4.0 4.0  0.03174 -0.005221 0.10848
24650.64 4055.544 4.0 3.0  0.09280 -0.015268 0.04092
24650.64 4055.544 3.0 4.0  0.02654 -0.004366 0.04092
24650.64 4055.544 3.0 3.0  0.08760 -0.014413 0.06964
24650.64 4055.544 3.0 2.0  0.13330 -0.021930 0.03527
24650.64 4055.544 2.0 3.0  0.08370 -0.013771 0.03527
24650.64 4055.544 2.0 2.0  0.12940 -0.021289 0.04657
24650.64 4055.544 2.0 1.0  0.15981 -0.026292 0.02232
24650.64 4055.544 1.0 2.0  0.12680 -0.020861 0.02232
24650.64 4055.544 1.0 1.0  0.15721 -0.025864 0.04018
24630.08 4058.930 3.0 4.0 -0.09242  0.015231 0.37500
24630.08 4058.930 3.0 3.0 -0.03153  0.005196 0.16204
24630.08 4058.930 3.0 2.0  0.01642 -0.002706 0.04630
24630.08 4058.930 2.0 3.0  0.05067 -0.008350 0.12963
24630.08 4058.930 2.0 2.0  0.09862 -0.016252 0.16204
24630.08 4058.930 2.0 1.0  0.13167 -0.021699 0.12500
24602.21 4063.528 5.0 5.0 -0.09628  0.015903 0.26190
24602.21 4063.528 5.0 4.0 -0.02438  0.004027 0.04365
24602.21 4063.528 4.0 5.0 -0.09178  0.015160 0.04365
24602.21 4063.528 4.0 4.0 -0.01988  0.003284 0.14286
24602.21 4063.528 4.0 3.0  0.03848 -0.006356 0.06349
24602.21 4063.528 3.0 4.0 -0.01628  0.002689 0.06349
24602.21 4063.528 3.0 3.0  0.04208 -0.006951 0.06667
24602.21 4063.528 3.0 2.0  0.08635 -0.014262 0.06429
24602.21 4063.528 2.0 3.0  0.04478 -0.007397 0.06429
24602.21 4063.528 2.0 2.0  0.08905 -0.014708 0.02381
24602.21 4063.528 2.0 1.0  0.11879 -0.019621 0.05079
24602.21 4063.528 1.0 2.0  0.09085 -0.015005 0.05079
24602.21 4063.528 1.0 1.0  0.12059 -0.019918 0.00476
24602.21 4063.528 1.0 0.0  0.13553 -0.022386 0.02778
24602.21 4063.528 0.0 1.0  0.12149 -0.020067 0.02778
24561.41 4070.278 3.0 3.0 -0.07103  0.011771 0.25926
24561.41 4070.278 3.0 2.0  0.01724 -0.002857 0.32407
24561.41 4070.278 2.0 3.0  0.01117 -0.001851 0.32407
24561.41 4070.278 2.0 2.0  0.09944 -0.016479 0.09259
24507.48 4079.235 7.0 6.0 -0.10150  0.016895 0.25000
24507.48 4079.235 6.0 6.0 -0.12180  0.020274 0.02006
24507.48 4079.235 6.0 5.0 -0.02958  0.004924 0.19660
24507.48 4079.235 5.0 6.0 -0.13920  0.023171 0.00077
24507.48 4079.235 5.0 5.0 -0.04698  0.007820 0.03090
24507.48 4079.235 5.0 4.0  0.02959 -0.004925 0.15167
24507.48 4079.235 4.0 5.0 -0.06148  0.010234 0.00167
24507.48 4079.235 4.0 4.0  0.01509 -0.002511 0.03375
24507.48 4079.235 4.0 3.0  0.07615 -0.012676 0.11458
24507.48 4079.235 3.0 4.0  0.00349 -0.000580 0.00208
24507.48 4079.235 3.0 3.0  0.06455 -0.010745 0.02971
24507.48 4079.235 3.0 2.0  0.11025 -0.018350 0.08488
24507.48 4079.235 2.0 3.0  0.05585 -0.009297 0.00154
24507.48 4079.235 2.0 2.0  0.10155 -0.016902 0.01929
24507.48 4079.235 2.0 1.0  0.13196 -0.021964 0.06250
24506.42 4079.412 4.0 3.0 -0.05553  0.009244 0.37500
24506.42 4079.412 3.0 3.0 -0.03553  0.005914 0.16204
24506.42 4079.412 3.0 2.0  0.05274 -0.008779 0.12963
24506.42 4079.412 2.0 3.0 -0.02053  0.003417 0.04630
24506.42 4079.412 2.0 2.0  0.06774 -0.011276 0.16204
24506.42 4079.412 1.0 2.0  0.07774 -0.012941 0.12500
24485.25 4082.939 5.0 4.0 -0.06380  0.010638 0.30556
24485.25 4082.939 4.0 4.0 -0.05930  0.009888 0.06250
24485.25 4082.939 4.0 3.0  0.00160 -0.000266 0.18750
24485.25 4082.939 3.0 4.0 -0.05570  0.009288 0.00694
24485.25 4082.939 3.0 3.0  0.00520 -0.000866 0.08750
24485.25 4082.939 3.0 2.0  0.05314 -0.008862 0.10000
24485.25 4082.939 2.0 3.0  0.00790 -0.001317 0.01667
24485.25 4082.939 2.0 2.0  0.05584 -0.009312 0.08333
24485.25 4082.939 2.0 1.0  0.08890 -0.014824 0.03889
24485.25 4082.939 1.0 2.0  0.05764 -0.009612 0.02500
24485.25 4082.939 1.0 1.0  0.09070 -0.015124 0.05833
24485.25 4082.939 0.0 1.0  0.09160 -0.015274 0.02778
24481.12 4083.627 6.0 5.0 -0.07928  0.013225 0.27083
24481.12 4083.627 5.0 5.0 -0.08708  0.014526 0.03274
24481.12 4083.627 5.0 4.0 -0.01518  0.002532 0.19643
24481.12 4083.627 4.0 5.0 -0.09358  0.015610 0.00198
24481.12 4083.627 4.0 4.0 -0.02168  0.003616 0.04911
24481.12 4083.627 4.0 3.0  0.03668 -0.006119 0.13641
24481.12 4083.627 3.0 4.0 -0.02688  0.004484 0.00446
24481.12 4083.627 3.0 3.0  0.03148 -0.005252 0.05208
24481.12 4083.627 3.0 2.0  0.07575 -0.012635 0.08929
24481.12 4083.627 2.0 3.0  0.02758 -0.004601 0.00595
24481.12 4083.627 2.0 2.0  0.07185 -0.011985 0.04464
24481.12 4083.627 2.0 1.0  0.10159 -0.016946 0.05357
24481.12 4083.627 1.0 2.0  0.06925 -0.011551 0.00496
24481.12 4083.627 1.0 1.0  0.09899 -0.016512 0.02976
24481.12 4083.627 1.0 0.0  0.11393 -0.019005 0.02778
21399.62 4671.673 5.0 6.0  0.10662 -0.023277 0.27083
21399.62 4671.673 5.0 5.0  0.07422 -0.016204 0.03274
21399.62 4671.673 5.0 4.0  0.04722 -0.010310 0.00198
21399.62 4671.673 4.0 5.0  0.02673 -0.005834 0.19643
21399.62 4671.673 4.0 4.0 -0.00028  0.000060 0.04911
21399.62 4671.673 4.0 3.0 -0.02188  0.004776 0.00446
21399.62 4671.673 3.0 4.0 -0.03827  0.008356 0.13641
21399.62 4671.673 3.0 3.0 -0.05988  0.013071 0.05208
21399.62 4671.673 3.0 2.0 -0.07608  0.016608 0.00595
21399.62 4671.673 2.0 3.0 -0.08837  0.019293 0.08929
21399.62 4671.673 2.0 2.0 -0.10457  0.022830 0.04464
21399.62 4671.673 2.0 1.0 -0.11537  0.025188 0.00496
21399.62 4671.673 1.0 2.0 -0.12357  0.026978 0.05357
21399.62 4671.673 1.0 1.0 -0.13437  0.029336 0.02976
21399.62 4671.673 0.0 1.0 -0.14387  0.031410 0.02778
21226.78 4709.713 6.0 6.0  0.09713 -0.021550 0.24576
21226.78 4709.713 6.0 5.0  0.06473 -0.014361 0.02508
21226.78 4709.713 5.0 6.0  0.06293 -0.013962 0.02508
21226.78 4709.713 5.0 5.0  0.03053 -0.006773 0.16599
21226.78 4709.713 5.0 4.0  0.00352 -0.000782 0.03810
21226.78 4709.713 4.0 5.0  0.00203 -0.000449 0.03810
21226.78 4709.713 4.0 4.0 -0.02498  0.005541 0.10848
21226.78 4709.713 4.0 3.0 -0.04658  0.010334 0.04092
21226.78 4709.713 3.0 4.0 -0.04778  0.010600 0.04092
21226.78 4709.713 3.0 3.0 -0.06938  0.015393 0.06964
21226.78 4709.713 3.0 2.0 -0.08558  0.018987 0.03527
21226.78 4709.713 2.0 3.0 -0.08648  0.019187 0.03527
21226.78 4709.713 2.0 2.0 -0.10268  0.022782 0.04657
21226.78 4709.713 2.0 1.0 -0.11348  0.025178 0.02232
21226.78 4709.713 1.0 2.0 -0.11408  0.025311 0.02232
21226.78 4709.713 1.0 1.0 -0.12488  0.027707 0.04018
21147.09 4727.461 5.0 5.0  0.08812 -0.019701 0.26190
21147.09 4727.461 5.0 4.0  0.06512 -0.014559 0.04365
21147.09 4727.461 4.0 5.0  0.04063 -0.009082 0.04365
21147.09 4727.461 4.0 4.0  0.01762 -0.003940 0.14286
21147.09 4727.461 4.0 3.0 -0.00078  0.000173 0.06349
21147.09 4727.461 3.0 4.0 -0.02037  0.004555 0.06349
21147.09 4727.461 3.0 3.0 -0.03877  0.008668 0.06667
21147.09 4727.461 3.0 2.0 -0.05257  0.011753 0.06429
21147.09 4727.461 2.0 3.0 -0.06727  0.015040 0.06429
21147.09 4727.461 2.0 2.0 -0.08107  0.018125 0.02381
21147.09 4727.461 2.0 1.0 -0.09027  0.020181 0.05079
21147.09 4727.461 1.0 2.0 -0.10007  0.022372 0.05079
21147.09 4727.461 1.0 1.0 -0.10927  0.024429 0.00476
21147.09 4727.461 1.0 0.0 -0.11387  0.025457 0.02778
21147.09 4727.461 0.0 1.0 -0.11877  0.026553 0.02778
21095.21 4739.087 4.0 4.0  0.07725 -0.017355 0.28125
21095.21 4739.087 4.0 3.0  0.08405 -0.018882 0.09375
21095.21 4739.087 3.0 4.0 -0.01195  0.002685 0.09375
21095.21 4739.087 3.0 3.0 -0.00515  0.001157 0.07940
21095.21 4739.087 3.0 2.0 -0.00005  0.000011 0.11852
21095.21 4739.087 2.0 3.0 -0.07205  0.016186 0.11852
21095.21 4739.087 2.0 2.0 -0.06695  0.015041 0.00231
21095.21 4739.087 2.0 1.0 -0.06355  0.014277 0.08750
21095.21 4739.087 1.0 2.0 -0.11155  0.025060 0.08750
21095.21 4739.087 1.0 1.0 -0.10815  0.024297 0.03750
21028.85 4754.043 6.0 5.0  0.09577 -0.021652 0.27083
21028.85 4754.043 5.0 5.0 -0.05183  0.011716 0.03274
21028.85 4754.043 5.0 4.0  0.04411 -0.009973 0.19643
21028.85 4754.043 4.0 5.0 -0.17482  0.039524 0.00198
21028.85 4754.043 4.0 4.0 -0.07888  0.017834 0.04911
21028.85 4754.043 4.0 3.0 -0.00262  0.000592 0.13641
21028.85 4754.043 3.0 4.0 -0.17728  0.040080 0.00446
21028.85 4754.043 3.0 3.0 -0.10102  0.022838 0.05208
21028.85 4754.043 3.0 2.0 -0.04410  0.009971 0.08929
21028.85 4754.043 2.0 3.0 -0.17482  0.039523 0.00595
21028.85 4754.043 2.0 2.0 -0.11790  0.026655 0.04464
21028.85 4754.043 2.0 1.0 -0.08009  0.018107 0.05357
21028.85 4754.043 1.0 2.0 -0.16710  0.037778 0.00496
21028.85 4754.043 1.0 1.0 -0.12929  0.029230 0.02976
21028.85 4754.043 1.0 0.0 -0.11043  0.024966 0.02778
20995.86 4761.512 4.0 3.0  0.02037 -0.004621 0.37500
20995.86 4761.512 3.0 3.0 -0.06882  0.015609 0.16204
20995.86 4761.512 3.0 2.0  0.08297 -0.018818 0.12963
20995.86 4761.512 2.0 3.0 -0.13572  0.030781 0.04630
20995.86 4761.512 2.0 2.0  0.01608 -0.003646 0.16204
20995.86 4761.512 1.0 2.0 -0.02852  0.006469 0.12500
20992.09 4762.367 7.0 6.0  0.09675 -0.021949 0.25000
20992.09 4762.367 6.0 6.0  0.06595 -0.014962 0.02006
20992.09 4762.367 6.0 5.0  0.03355 -0.007611 0.19660
20992.09 4762.367 5.0 6.0  0.03955 -0.008973 0.00077
20992.09 4762.367 5.0 5.0  0.00715 -0.001622 0.03090
20992.09 4762.367 5.0 4.0 -0.01985  0.004503 0.15167
20992.09 4762.367 4.0 5.0 -0.01485  0.003369 0.00167
20992.09 4762.367 4.0 4.0 -0.04185  0.009494 0.03375
20992.09 4762.367 4.0 3.0 -0.06345  0.014395 0.11458
20992.09 4762.367 3.0 4.0 -0.05945  0.013487 0.00208
20992.09 4762.367 3.0 3.0 -0.08105  0.018388 0.02971
20992.09 4762.367 3.0 2.0 -0.09725  0.022063 0.08488
20992.09 4762.367 2.0 3.0 -0.09425  0.021382 0.00154
20992.09 4762.367 2.0 2.0 -0.11045  0.025058 0.01929
20992.09 4762.367 2.0 1.0 -0.12125  0.027508 0.06250
20976.77 4765.846 5.0 4.0  0.05300 -0.012042 0.30556
20976.77 4765.846 4.0 4.0  0.00550 -0.001250 0.06250
20976.77 4765.846 4.0 3.0  0.01230 -0.002795 0.18750
20976.77 4765.846 3.0 4.0 -0.03250  0.007384 0.00694
20976.77 4765.846 3.0 3.0 -0.02570  0.005839 0.08750
20976.77 4765.846 3.0 2.0 -0.02060  0.004680 0.10000
20976.77 4765.846 2.0 3.0 -0.05420  0.012314 0.01667
20976.77 4765.846 2.0 2.0 -0.04910  0.011156 0.08333
20976.77 4765.846 2.0 1.0 -0.04570  0.010383 0.03889
20976.77 4765.846 1.0 2.0 -0.06810  0.015472 0.02500
20976.77 4765.846 1.0 1.0 -0.06470  0.014700 0.05833
20976.77 4765.846 0.0 1.0 -0.07420  0.016858 0.02778
20974.25 4766.418 6.0 5.0  0.07863 -0.017868 0.27083
20974.25 4766.418 5.0 5.0  0.04443 -0.010096 0.03274
20974.25 4766.418 5.0 4.0  0.02143 -0.004869 0.19643
20974.25 4766.418 4.0 5.0  0.01593 -0.003619 0.00198
20974.25 4766.418 4.0 4.0 -0.00708  0.001608 0.04911
20974.25 4766.418 4.0 3.0 -0.02548  0.005789 0.13641
20974.25 4766.418 3.0 4.0 -0.02988  0.006789 0.00446
20974.25 4766.418 3.0 3.0 -0.04828  0.010971 0.05208
20974.25 4766.418 3.0 2.0 -0.06208  0.014107 0.08929
20974.25 4766.418 2.0 3.0 -0.06538  0.014857 0.00595
20974.25 4766.418 2.0 2.0 -0.07918  0.017993 0.04464
20974.25 4766.418 2.0 1.0 -0.08838  0.020084 0.05357
20974.25 4766.418 1.0 2.0 -0.09058  0.020584 0.00496
20974.25 4766.418 1.0 1.0 -0.09978  0.022674 0.02976
20974.25 4766.418 1.0 0.0 -0.10438  0.023720 0.02778
20899.67 4783.428 6.0 6.0  0.05659 -0.012952 0.24576
20899.67 4783.428 6.0 5.0  0.16422 -0.037586 0.02508
20899.67 4783.428 5.0 6.0 -0.09101  0.020831 0.02508
20899.67 4783.428 5.0 5.0  0.01662 -0.003804 0.16599
20899.67 4783.428 5.0 4.0  0.10765 -0.024638 0.03810
20899.67 4783.428 4.0 5.0 -0.10638  0.024349 0.03810
20899.67 4783.428 4.0 4.0 -0.01535  0.003514 0.10848
20899.67 4783.428 4.0 3.0  0.05834 -0.013354 0.04092
20899.67 4783.428 3.0 4.0 -0.11375  0.026036 0.04092
20899.67 4783.428 3.0 3.0 -0.04006  0.009168 0.06964
20899.67 4783.428 3.0 2.0  0.01573 -0.003600 0.03527
20899.67 4783.428 2.0 3.0 -0.11386  0.026059 0.03527
20899.67 4783.428 2.0 2.0 -0.05807  0.013292 0.04657
20899.67 4783.428 2.0 1.0 -0.02064  0.004724 0.02232
20899.67 4783.428 1.0 2.0 -0.10727  0.024553 0.02232
20899.67 4783.428 1.0 1.0 -0.06984  0.015985 0.04018
20725.94 4823.524 6.0 7.0  0.04362 -0.010153 0.25000
20725.94 4823.524 6.0 6.0  0.15091 -0.035122 0.02006
20725.94 4823.524 6.0 5.0  0.24235 -0.056402 0.00077
20725.94 4823.524 5.0 6.0  0.00331 -0.000771 0.19660
20725.94 4823.524 5.0 5.0  0.09475 -0.022052 0.03090
20725.94 4823.524 5.0 4.0  0.17059 -0.039700 0.00167
20725.94 4823.524 4.0 5.0 -0.02825  0.006574 0.15167
20725.94 4823.524 4.0 4.0  0.04759 -0.011075 0.03375
20725.94 4823.524 4.0 3.0  0.10801 -0.025138 0.00208
20725.94 4823.524 3.0 4.0 -0.05081  0.011826 0.11458
20725.94 4823.524 3.0 3.0  0.00961 -0.002237 0.02971
20725.94 4823.524 3.0 2.0  0.05479 -0.012752 0.00154
20725.94 4823.524 2.0 3.0 -0.06419  0.014939 0.08488
20725.94 4823.524 2.0 2.0 -0.01901  0.004424 0.01929
20725.94 4823.524 1.0 2.0 -0.06821  0.015874 0.06250
19533.69 5117.934 4.0 5.0 -0.04067  0.010655 0.30556
19533.69 5117.934 4.0 4.0  0.05877 -0.015397 0.06250
19533.69 5117.934 4.0 3.0  0.13831 -0.036239 0.00694
19533.69 5117.934 3.0 4.0 -0.03043  0.007974 0.18750
19533.69 5117.934 3.0 3.0  0.04911 -0.012868 0.08750
19533.69 5117.934 3.0 2.0  0.10877 -0.028499 0.01667
19533.69 5117.934 2.0 3.0 -0.01779  0.004660 0.10000
19533.69 5117.934 2.0 2.0  0.04187 -0.010971 0.08333
19533.69 5117.934 2.0 1.0  0.08165 -0.021392 0.02500
19533.69 5117.934 1.0 2.0 -0.00273  0.000715 0.03889
19533.69 5117.934 1.0 1.0  0.03705 -0.009706 0.05833
19533.69 5117.934 1.0 0.0  0.05693 -0.014917 0.02778
19408.55 5150.934 5.0 6.0 -0.06819  0.018098 0.27083
19408.55 5150.934 5.0 5.0  0.01928 -0.005117 0.03274
19408.55 5150.934 5.0 4.0  0.09218 -0.024464 0.00198
19408.55 5150.934 4.0 5.0 -0.02822  0.007489 0.19643
19408.55 5150.934 4.0 4.0  0.04468 -0.011858 0.04911
19408.55 5150.934 4.0 3.0  0.10300 -0.027335 0.00446
19408.55 5150.934 3.0 4.0  0.00668 -0.001772 0.13641
19408.55 5150.934 3.0 3.0  0.06500 -0.017250 0.05208
19408.55 5150.934 3.0 2.0  0.10873 -0.028857 0.00595
19408.55 5150.934 2.0 3.0  0.03650 -0.009686 0.08929
19408.55 5150.934 2.0 2.0  0.08023 -0.021294 0.04464
19408.55 5150.934 2.0 1.0  0.10939 -0.029032 0.00496
19408.55 5150.934 1.0 2.0  0.06123 -0.016251 0.05357
19408.55 5150.934 1.0 1.0  0.09039 -0.023990 0.02976
19408.55 5150.934 0.0 1.0  0.08089 -0.021468 0.02778
19238.02 5196.593 6.0 7.0 -0.09843  0.026588 0.25000
19238.02 5196.593 6.0 6.0 -0.00615  0.001661 0.02006
19238.02 5196.593 6.0 5.0  0.07294 -0.019704 0.00077
19238.02 5196.593 5.0 6.0 -0.04035  0.010900 0.19660
19238.02 5196.593 5.0 5.0  0.03874 -0.010466 0.03090
19238.02 5196.593 5.0 4.0  0.10466 -0.028270 0.00167
19238.02 5196.593 4.0 5.0  0.01024 -0.002767 0.15167
19238.02 5196.593 4.0 4.0  0.07616 -0.020572 0.03375
19238.02 5196.593 4.0 3.0  0.12889 -0.034815 0.00208
19238.02 5196.593 3.0 4.0  0.05336 -0.014413 0.11458
19238.02 5196.593 3.0 3.0  0.10609 -0.028656 0.02971
19238.02 5196.593 3.0 2.0  0.14563 -0.039339 0.00154
19238.02 5196.593 2.0 3.0  0.08899 -0.024037 0.08488
19238.02 5196.593 2.0 2.0  0.12853 -0.034720 0.01929
19238.02 5196.593 1.0 2.0  0.11713 -0.031641 0.06250
19023.02 5255.326 7.0 8.0 -0.13638  0.037676 0.23611
19023.02 5255.326 7.0 7.0 -0.02823  0.007799 0.01353
19023.02 5255.326 7.0 6.0  0.06640 -0.018343 0.00036
19023.02 5255.326 6.0 7.0 -0.05903  0.016308 0.19481
19023.02 5255.326 6.0 6.0  0.03560 -0.009834 0.02110
19023.02 5255.326 6.0 5.0  0.11671 -0.032242 0.00076
19023.02 5255.326 5.0 6.0  0.00920 -0.002541 0.15909
19023.02 5255.326 5.0 5.0  0.09031 -0.024948 0.02333
19023.02 5255.326 5.0 4.0  0.15790 -0.043621 0.00091
19023.02 5255.326 4.0 5.0  0.06831 -0.018871 0.12869
19023.02 5255.326 4.0 4.0  0.13590 -0.037543 0.02068
19023.02 5255.326 4.0 3.0  0.18997 -0.052482 0.00063
19023.02 5255.326 3.0 4.0  0.11830 -0.032681 0.10341
19023.02 5255.326 3.0 3.0  0.17237 -0.047619 0.01326
19023.02 5255.326 2.0 3.0  0.15917 -0.043973 0.08333
16624.61 6013.514 5.0 4.0  0.09694 -0.035064 0.30556
16624.61 6013.514 4.0 4.0 -0.03791  0.013715 0.06250
16624.61 6013.514 4.0 3.0  0.03869 -0.013996 0.18750
16624.61 6013.514 3.0 4.0 -0.14579  0.052738 0.00694
16624.61 6013.514 3.0 3.0 -0.06919  0.025027 0.08750
16624.61 6013.514 3.0 2.0 -0.01214  0.004390 0.10000
16624.61 6013.514 2.0 3.0 -0.15010  0.054295 0.01667
16624.61 6013.514 2.0 2.0 -0.09305  0.033657 0.08333
16624.61 6013.514 2.0 1.0 -0.05520  0.019968 0.03889
16624.61 6013.514 1.0 2.0 -0.14699  0.053169 0.02500
16624.61 6013.514 1.0 1.0 -0.10914  0.039480 0.05833
16624.61 6013.514 0.0 1.0 -0.13611  0.049236 0.02778
16615.88 6016.673 5.0 5.0  0.07173 -0.025974 0.26190
16615.88 6016.673 5.0 4.0  0.14822 -0.053670 0.04365
16615.88 6016.673 4.0 5.0 -0.06312  0.022856 0.04365
16615.88 6016.673 4.0 4.0  0.01337 -0.004840 0.14286
16615.88 6016.673 4.0 3.0  0.07588 -0.027476 0.06349
16615.88 6016.673 3.0 4.0 -0.09451  0.034224 0.06349
16615.88 6016.673 3.0 3.0 -0.03200  0.011588 0.06667
16615.88 6016.673 3.0 2.0  0.01565 -0.005668 0.06429
16615.88 6016.673 2.0 3.0 -0.11291  0.040887 0.06429
16615.88 6016.673 2.0 2.0 -0.06526  0.023630 0.02381
16615.88 6016.673 2.0 1.0 -0.03312  0.011993 0.05079
16615.88 6016.673 1.0 2.0 -0.11920  0.043162 0.05079
16615.88 6016.673 1.0 1.0 -0.08706  0.031525 0.00476
16615.88 6016.673 1.0 0.0 -0.07088  0.025666 0.02778
16615.88 6016.673 0.0 1.0 -0.11403  0.041291 0.02778
16601.68 6021.819 5.0 6.0  0.04280 -0.015525 0.27083
16601.68 6021.819 5.0 5.0  0.12977 -0.047070 0.03274
16601.68 6021.819 5.0 4.0  0.20140 -0.073053 0.00198
16601.68 6021.819 4.0 5.0 -0.00508  0.001843 0.19643
16601.68 6021.819 4.0 4.0  0.06655 -0.024141 0.04911
16601.68 6021.819 4.0 3.0  0.12331 -0.044729 0.00446
16601.68 6021.819 3.0 4.0 -0.04133  0.014990 0.13641
16601.68 6021.819 3.0 3.0  0.01543 -0.005598 0.05208
16601.68 6021.819 3.0 2.0  0.05769 -0.020924 0.00595
16601.68 6021.819 2.0 3.0 -0.06548  0.023750 0.08929
16601.68 6021.819 2.0 2.0 -0.02322  0.008424 0.04464
16601.68 6021.819 2.0 1.0  0.00479 -0.001738 0.00496
16601.68 6021.819 1.0 2.0 -0.07716  0.027990 0.05357
16601.68 6021.819 1.0 1.0 -0.04915  0.017828 0.02976
16601.68 6021.819 0.0 1.0 -0.07612  0.027611 0.02778
