Title: Improved log(gf) Values for Lines of Ti I and Abundance Determinations 
       in the Photospheres of the Sun and Metal-Poor Star HD 84937 
       (Accurate Transition Probabilities for Ti I)
Authors: Lawler J.E., Guzman A., Wood M.P., Sneden C., Cowan J.J.
Table: Solar Photospheric Titanium Abundances from Individual Ti I Lines
================================================================================
Byte-by-byte Description of file: datafile4.txt
--------------------------------------------------------------------------------
  Bytes  Format Units Label    Explanations
--------------------------------------------------------------------------------
   1-  9 F9.3   0.1nm WaveAir  Wavelength in air; in Angstroms
  11- 15 F5.3   eV    LowLev   Lower level energy
  17- 21 F5.2   [-]   log(gf)  Log of degeneracy times oscillator strength
  23- 26 F4.2   [-]   log(eps) Log of abundance
--------------------------------------------------------------------------------
 3199.914 0.048 +0.31 4.99
 3717.391 0.000 -1.19 4.95
 3725.152 1.066 -0.34 4.89
 3729.807 0.000 -0.28 4.99
 3924.526 0.021 -0.87 4.99
 3926.318 2.576 +0.14 4.99
 3962.851 0.000 -1.10 4.91
 4060.262 1.052 -0.69 4.94
 4186.117 1.501 -0.24 4.95
 4281.367 0.812 -1.26 4.94
 4287.403 0.835 -0.37 4.95
 4321.652 2.235 +0.09 4.99
 4421.752 2.238 -0.20 5.01
 4440.343 1.872 -0.39 4.99
 4449.142 1.886 +0.47 5.02
 4450.894 1.878 +0.32 4.99
 4453.699 1.872 +0.10 4.96
 4512.734 0.835 -0.40 4.96
 4518.022 0.825 -0.25 4.97
 4518.689 1.429 -1.04 4.98
 4522.797 0.818 -0.27 4.99
 4533.239 0.848 +0.54 4.99
 4534.776 0.835 +0.35 4.97
 4535.569 0.825 +0.14 5.00
 4535.918 0.818 -0.07 5.01
 4536.040 0.812 -0.16 5.01
 4548.764 0.825 -0.28 4.96
 4555.483 0.848 -0.40 4.97
 4617.269 1.748 +0.44 4.96
 4623.097 1.738 +0.16 4.99
 4639.363 1.738 -0.05 4.97
 4639.939 1.732 -0.16 4.97
 4645.188 1.732 -0.51 4.94
 4650.010 1.738 -0.64 4.96
 4656.043 1.748 -0.99 4.99
 4722.606 1.052 -1.47 5.04
 4731.164 2.173 -0.43 4.86
 4733.421 2.159 -0.66 5.09
 4742.106 2.152 -0.94 4.97
 4742.789 2.235 +0.21 4.93
 4747.674 2.248 -0.83 4.99
 4758.118 2.248 +0.51 4.93
 4759.270 2.254 +0.59 4.94
 4778.255 2.235 -0.35 4.96
 4805.414 2.343 +0.07 5.03
 4820.409 1.501 -0.38 4.97
 4848.410 2.248 -0.86 4.99
 4848.477 2.173 -0.54 4.99
 4856.010 2.254 +0.52 4.91
 4870.125 2.248 +0.44 4.92
 4885.079 1.886 +0.41 4.99
 4913.613 1.872 +0.22 4.95
 4915.229 1.886 -0.91 4.91
 4919.861 2.159 -0.12 4.96
 4926.148 0.818 -2.09 4.96
 4937.726 0.812 -2.08 5.03
 4981.731 0.848 +0.57 5.02
 4991.066 0.835 +0.45 5.04
 4997.097 0.000 -2.07 4.99
 4999.503 0.825 +0.32 4.99
 5009.645 0.021 -2.20 4.99
 5016.161 0.848 -0.48 4.94
 5020.026 0.835 -0.33 4.99
 5022.868 0.825 -0.33 4.91
 5024.844 0.818 -0.53 4.99
 5036.464 1.442 +0.14 4.97
 5038.398 1.429 +0.02 4.99
 5039.957 0.021 -1.08 4.99
 5043.584 0.835 -1.59 4.89
 5062.102 2.159 -0.39 5.01
 5064.653 0.048 -0.94 4.94
 5085.335 1.429 -1.54 4.95
 5109.432 1.442 -1.54 5.02
 5113.440 1.442 -0.70 4.93
 5132.929 2.248 -1.17 4.96
 5145.460 1.459 -0.54 4.99
 5147.478 0.000 -1.94 4.97
 5152.183 0.021 -1.95 4.97
 5173.743 0.000 -1.06 4.94
 5189.578 2.238 -1.19 4.94
 5192.969 0.021 -0.95 5.01
 5210.384 0.048 -0.82 5.01
 5212.992 2.229 -1.16 4.94
 5219.702 0.021 -2.22 5.01
 5230.967 2.238 -1.19 4.92
 5252.100 0.048 -2.36 4.99
 5295.776 1.066 -1.59 5.00
 5313.237 1.066 -2.36 5.01
 5366.639 0.818 -2.46 4.95
 5384.630 0.825 -2.77 4.97
 5389.989 1.872 -1.10 5.01
 5391.057 1.878 -1.96 4.97
 5429.137 2.343 -0.55 5.01
 5448.907 2.332 -1.25 4.99
 5449.150 1.442 -1.87 4.94
 5453.642 1.442 -1.60 4.96
 5471.192 1.442 -1.42 4.95
 5474.223 1.459 -1.23 4.93
 5474.452 2.343 -0.95 4.99
 5481.861 1.429 -1.36 5.01
 5490.148 1.459 -0.84 4.92
 5503.895 2.576 -0.05 4.98
 5512.524 1.459 -0.40 4.99
 5514.343 1.429 -0.66 5.08
 5514.534 1.442 -0.50 5.08
 5565.473 2.235 -0.22 4.92
 5739.469 2.248 -0.61 4.93
 5823.685 2.266 -1.01 4.95
 5866.451 1.066 -0.79 4.99
 5880.270 1.052 -2.00 5.01
 5899.294 1.052 -1.10 4.98
 5918.536 1.066 -1.64 5.02
 5922.110 1.045 -1.38 4.97
 5937.809 1.066 -1.94 5.02
 5941.752 1.052 -1.51 4.98
 5999.658 2.235 -0.72 4.96
 6017.546 2.332 -1.69 4.95
 6091.171 2.266 -0.32 4.95
 6092.792 1.886 -1.38 4.99
 6121.002 1.878 -1.42 4.99
 6146.207 1.872 -1.48 4.94
 6149.725 2.159 -1.44 4.95
 6258.102 1.442 -0.39 5.02
 6258.707 1.459 -0.28 5.04
 6261.099 1.429 -0.53 5.05
 6266.010 1.748 -1.95 4.89
 6268.525 1.429 -2.26 4.97
 6303.757 1.442 -1.58 5.04
 6312.236 1.459 -1.55 5.01
 6336.099 1.442 -1.69 4.99
 6419.088 2.173 -1.53 4.97
 6554.223 1.442 -1.15 5.00
 6556.062 1.459 -1.06 5.01
 6689.260 2.248 -1.67 4.99
 6745.544 2.235 -1.23 5.02
 7138.905 1.442 -1.61 4.97
 7188.566 1.429 -1.71 4.96
 7216.184 1.442 -1.20 4.97
 7357.727 1.442 -1.02 4.96
 7489.578 2.248 -0.91 4.97
 7496.102 2.235 -1.06 4.97
 8024.843 1.878 -1.08 5.00
 8068.239 1.872 -1.18 5.01
 8438.922 2.254 -0.70 4.98
 8450.891 2.248 -0.80 4.98
 8548.088 1.872 -1.16 5.01
 8598.174 2.266 -1.54 4.89
 8675.372 1.066 -1.50 4.96
 8682.983 1.052 -1.79 4.99
 8692.330 1.045 -2.13 4.94
 8719.577 1.738 -2.30 4.95
 8734.711 1.052 -2.24 4.99
 8766.680 1.066 -2.27 4.99
 9023.629 1.738 -2.30 4.96
 9027.325 1.738 -1.36 4.93
 9090.695 1.748 -1.22 4.91
 9832.140 1.886 -1.13 4.96
 9997.959 1.872 -1.56 5.02
10003.088 2.159 -1.21 4.99
10011.744 2.152 -1.39 5.03
10120.895 2.173 -1.76 4.99
12600.277 1.442 -2.32 4.89
12811.478 2.159 -1.39 4.94
12821.672 1.459 -1.19 4.95
12847.034 1.442 -1.33 4.87
12987.567 2.504 -1.55 4.97
13011.250 2.159 -2.18 4.97
13011.897 1.442 -2.27 4.84
