2726.50 44259.36 w^5^P^o^ 3  7593.16 a^5^S    2            58.     3.    -0.35
2731.90 44186.92 w^5^P^o^ 2  7593.16 a^5^S    2            52.     3.    -0.53
2736.46 44125.90 w^5^P^o^ 1  7593.16 a^5^S    2            43.     4.    -0.83
2748.24 44186.92 w^5^P^o^ 2  7810.82 a^5^D    1            12.3    2.0   -1.16
2748.32 44125.90 w^5^P^o^ 1  7750.78 a^5^D    0            29.     3.    -1.01
2751.59 44259.36 w^5^P^o^ 3  7927.47 a^5^D    2             4.42   0.26  -1.45
2752.86 44125.90 w^5^P^o^ 1  7810.82 a^5^D    1            57.     4.    -0.71
2757.09 44186.92 w^5^P^o^ 2  7927.47 a^5^D    2            44.     3.    -0.60
2761.73 44125.90 w^5^P^o^ 1  7927.47 a^5^D    2            43.     4.    -0.83
2764.35 44259.36 w^5^P^o^ 3  8095.21 a^5^D    3            25.9    2.1   -0.68
2769.90 44186.92 w^5^P^o^ 2  8095.21 a^5^D    3            68.     4.    -0.41
2780.68 44259.36 w^5^P^o^ 3  8307.57 a^5^D    4            95.     5.    -0.11
2871.62 42908.57 x^5^D^o^ 4  8095.21 a^5^D    3             6.2    0.4   -1.16
2879.27 42648.26 x^5^D^o^ 3  7927.47 a^5^D    2            12.6    0.7   -0.96
2886.99 42438.82 x^5^D^o^ 2  7810.82 a^5^D    1            18.0    1.3   -0.95
2889.24 42908.57 x^5^D^o^ 4  8307.57 a^5^D    4            49.1    2.5   -0.26
2893.25 42648.26 x^5^D^o^ 3  8095.21 a^5^D    3            33.6    1.8   -0.53
2894.16 42292.96 x^5^D^o^ 1  7750.78 a^5^D    0            19.6    1.4   -1.13
2896.75 42438.82 x^5^D^o^ 2  7927.47 a^5^D    2            22.2    1.3   -0.85
2899.20 42292.96 x^5^D^o^ 1  7810.82 a^5^D    1             8.2    1.1   -1.51
2905.49 42218.37 x^5^D^o^ 0  7810.82 a^5^D    1            72.     5.    -1.04
2909.04 42292.96 x^5^D^o^ 1  7927.47 a^5^D    2            41.8    2.4   -0.80
2910.90 42438.82 x^5^D^o^ 2  8095.21 a^5^D    3            27.5    1.6   -0.76
2911.14 42648.26 x^5^D^o^ 3  8307.57 a^5^D    4            14.7    0.9   -0.88
2967.64 41782.19 y^5^D^o^ 4  8095.21 a^5^D    3            31.8    1.8   -0.42
2971.11 41575.10 y^5^D^o^ 3  7927.47 a^5^D    2            45.9    2.4   -0.37
2975.48 41409.03 y^5^D^o^ 2  7810.82 a^5^D    1            53.8    2.9   -0.45
2980.79 41289.17 y^5^D^o^ 1  7750.78 a^5^D    0            55.     3.    -0.66
2985.85 41409.03 y^5^D^o^ 2  7927.47 a^5^D    2            45.9    2.6   -0.51
2986.00 41575.10 y^5^D^o^ 3  8095.21 a^5^D    3           102.     5.    -0.02
2986.13 41289.17 y^5^D^o^ 1  7810.82 a^5^D    1            14.9    2.1   -1.22
2986.47 41782.19 y^5^D^o^ 4  8307.57 a^5^D    4           183.     9.    +0.34
2988.65 41043.35 x^5^P^o^ 3  7593.16 a^5^S    2            35.9    2.0   -0.47
2991.89 41224.80 y^5^D^o^ 0  7810.82 a^5^D    1           192.    10.    -0.59
2995.10 40971.29 y^5^F^o^ 2  7593.16 a^5^S    2            30.6    2.1   -0.69
2996.58 41289.17 y^5^D^o^ 1  7927.47 a^5^D    2           130.     7.    -0.28
2998.78 40930.31 x^5^P^o^ 1  7593.16 a^5^S    2            39.3    2.3   -0.80
3000.88 41409.03 y^5^D^o^ 2  8095.21 a^5^D    3           105.     5.    -0.15
3005.06 41575.10 y^5^D^o^ 3  8307.57 a^5^D    4            60.     3.    -0.25
3013.03 40930.31 x^5^P^o^ 1  7750.78 a^5^D    0            20.8    1.4   -1.07
3014.76 40971.29 y^5^F^o^ 2  7810.82 a^5^D    1           130.     7.    -0.05
3014.91 41086.26 y^5^F^o^ 3  7927.47 a^5^D    2           188.    11.    +0.25
3015.20 40906.46 y^5^F^o^ 1  7750.78 a^5^D    0           155.     9.    -0.20
3017.57 41224.78 y^5^F^o^ 4  8095.21 a^5^D    3           242.    14.    +0.47
3018.49 40930.31 x^5^P^o^ 1  7810.82 a^5^D    1            88.     5.    -0.44
3018.82 41043.35 x^5^P^o^ 3  7927.47 a^5^D    2            23.3    1.6   -0.65
3020.67 40906.46 y^5^F^o^ 1  7810.82 a^5^D    1           110.     7.    -0.35
3021.56 41393.47 y^5^F^o^ 5  8307.57 a^5^D    4           272.    16.    +0.61
3029.16 40930.31 x^5^P^o^ 1  7927.47 a^5^D    2            25.0    1.4   -0.99
3030.24 41086.26 y^5^F^o^ 3  8095.21 a^5^D    3            91.     6.    -0.06
3031.35 40906.46 y^5^F^o^ 1  7927.47 a^5^D    2            22.0    1.5   -1.04
3034.19 41043.35 x^5^P^o^ 3  8095.21 a^5^D    3            22.7    1.3   -0.66
3037.04 41224.78 y^5^F^o^ 4  8307.57 a^5^D    4            38.5    2.4   -0.32
3040.84 40971.29 y^5^F^o^ 2  8095.21 a^5^D    3            56.     3.    -0.41
3053.87 41043.35 x^5^P^o^ 3  8307.57 a^5^D    4            73.     4.    -0.15
3351.96 29824.75 y^5^P^o^ 3     0.00 a^7^S    3             0.111  0.015 -2.88
3379.16 29584.62 y^5^P^o^ 2     0.00 a^7^S    3             0.111  0.013 -3.02
3578.68 27935.26 y^7^P^o^ 4     0.00 a^7^S    3           152.     8.    +0.42
3593.48 27820.23 y^7^P^o^ 3     0.00 a^7^S    3           151.     8.    +0.31
3605.32 27728.87 y^7^P^o^ 2     0.00 a^7^S    3           151.     8.    +0.17
3730.80 26796.28 z^5^P^o^ 2     0.00 a^7^S    3             0.177  0.016 -2.73
3732.02 26787.50 z^5^P^o^ 3     0.00 a^7^S    3             0.184  0.024 -2.57
3742.96 47228.80 x^5^G^o^ 5 20519.60 a^5^G    6             5.1    0.3   -0.93
3743.54 47228.80 x^5^G^o^ 5 20523.69 a^5^G    4             7.5    0.7   -0.76
3743.57 47228.80 x^5^G^o^ 5 20523.94 a^5^G    5            50.8    2.6   +0.07
3743.88 47222.27 x^5^G^o^ 6 20519.60 a^5^G    6            71.     4.    +0.29
3744.49 47222.27 x^5^G^o^ 6 20523.94 a^5^G    5             4.97   0.28  -0.87
3748.61 47189.87 x^5^G^o^ 4 20520.92 a^5^G    3             7.8    0.5   -0.83
3749.00 47189.87 x^5^G^o^ 4 20523.69 a^5^G    4            41.7    2.2   -0.10
3749.04 47189.87 x^5^G^o^ 4 20523.94 a^5^G    5             8.8    0.8   -0.78
3757.16 47125.70 x^5^G^o^ 3 20517.40 a^5^G    2             6.2    0.5   -1.04
3757.66 47125.70 x^5^G^o^ 3 20520.92 a^5^G    3            37.7    2.0   -0.25
3758.05 47125.70 x^5^G^o^ 3 20523.69 a^5^G    4            10.6    0.7   -0.81
3768.24 47047.47 x^5^G^o^ 2 20517.40 a^5^G    2            48.1    2.5   -0.29
3768.74 47047.47 x^5^G^o^ 2 20520.92 a^5^G    3            11.3    0.8   -0.92
3883.29 33671.55 z^5^D^o^ 3  7927.47 a^5^D    2             3.46   0.18  -1.26
3885.22 33542.11 z^5^D^o^ 2  7810.82 a^5^D    1             3.94   0.20  -1.35
3886.80 33816.06 z^5^D^o^ 4  8095.21 a^5^D    3             2.11   0.11  -1.37
3894.04 33423.79 z^5^D^o^ 1  7750.78 a^5^D    0             3.28   0.17  -1.65
3902.91 33542.11 z^5^D^o^ 2  7927.47 a^5^D    2             2.66   0.13  -1.52
3903.17 33423.79 z^5^D^o^ 1  7810.82 a^5^D    1             0.85   0.05  -2.23
3908.76 33671.55 z^5^D^o^ 3  8095.21 a^5^D    3             5.55   0.28  -1.05
3916.25 33338.20 z^5^D^o^ 0  7810.82 a^5^D    1             7.7    0.4   -1.75
3919.15 33816.06 z^5^D^o^ 4  8307.57 a^5^D    4             9.4    0.5   -0.71
3921.02 33423.79 z^5^D^o^ 1  7927.47 a^5^D    2             5.37   0.27  -1.43
3928.64 33542.11 z^5^D^o^ 2  8095.21 a^5^D    3             4.20   0.21  -1.31
3941.48 33671.55 z^5^D^o^ 3  8307.57 a^5^D    4             2.48   0.13  -1.39
3963.69 45741.49 y^5^H^o^ 7 20519.60 a^5^G    6   112.    118.     6.    +0.62
3969.06 45707.36 y^5^H^o^ 6 20519.60 a^5^G    6     7.4     6.9    0.4   -0.67
3969.74 45707.36 y^5^H^o^ 6 20523.94 a^5^G    5   104.    105.     5.    +0.51
3976.66 45663.28 y^5^H^o^ 5 20523.69 a^5^G    4    98.     93.     5.    +0.39
3976.70 45663.28 y^5^H^o^ 5 20523.94 a^5^G    5    12.8    12.7    1.1   -0.48
3983.90 45614.88 y^5^H^o^ 4 20520.92 a^5^G    3 N  94.     94.     5.    +0.30
3984.34 45614.88 y^5^H^o^ 4 20523.69 a^5^G    4    15.4    15.8    1.1   -0.47
3991.11 45566.02 y^5^H^o^ 3 20517.40 a^5^G    2    95.    100.     5.    +0.22
3991.67 45566.02 y^5^H^o^ 3 20520.92 a^5^G    3    13.4    13.8    0.8   -0.64
4025.00 45358.63 z^3^H^o^ 4 20520.92 a^5^G    3             4.0    0.4   -1.05
4025.45 45358.63 z^3^H^o^ 4 20523.69 a^5^G    4             0.61   0.13  -1.88
4026.21 45354.18 z^3^H^o^ 5 20523.94 a^5^G    5             0.45   0.06  -1.92
4027.09 45348.73 z^3^H^o^ 6 20523.94 a^5^G    5             3.53   0.29  -0.95
4254.33 23498.84 z^7^P^o^ 4     0.00 a^7^S    3            33.0    1.7   -0.09
4261.35 46958.98 f^7^D    5 23498.84 z^7^P^o^ 4             6.8    0.5   -0.69
4272.90 46783.06 f^7^D    4 23386.35 z^7^P^o^ 3             4.2    0.4   -0.98
4274.80 23386.35 z^7^P^o^ 3     0.00 a^7^S    3            31.7    1.6   -0.22
4284.72 46637.21 f^7^D    3 23305.01 z^7^P^o^ 2             2.6    0.4   -1.30
4289.72 23305.01 z^7^P^o^ 2     0.00 a^7^S    3            31.0    1.5   -0.37
4293.55 46783.06 f^7^D    4 23498.84 z^7^P^o^ 4             2.53   0.22  -1.20
4299.71 46637.21 f^7^D    3 23386.35 z^7^P^o^ 3             4.7    0.4   -1.04
4305.45 46524.84 f^7^D    2 23305.01 z^7^P^o^ 2             7.8    1.4   -0.97
4319.64 46448.60 f^7^D    1 23305.01 z^7^P^o^ 2             8.6    1.1   -1.14
4320.59 46524.84 f^7^D    2 23386.35 z^7^P^o^ 3             2.7    0.3   -1.42
4320.61 46637.21 f^7^D    3 23498.84 z^7^P^o^ 4             0.52   0.12  -1.99
4337.55 30858.82 z^5^F^o^ 2  7810.82 a^5^D    1     5.65    5.75   0.29  -1.09
4339.44 30965.46 z^5^F^o^ 3  7927.47 a^5^D    2 N   6.9     6.9    0.3   -0.86
4339.71 30787.30 z^5^F^o^ 1  7750.78 a^5^D    0     4.70    4.66   0.23  -1.40
4344.50 31106.37 z^5^F^o^ 4  8095.21 a^5^D    3     8.4     8.7    0.4   -0.65
4351.05 30787.30 z^5^F^o^ 1  7810.82 a^5^D    1     4.67    4.40   0.22  -1.43
4351.75 31280.35 z^5^F^o^ 5  8307.57 a^5^D    4    10.0    10.6    0.5   -0.48
4356.75 47228.80 x^5^G^o^ 5 24282.34 b^5^D    4             2.19   0.18  -1.16
4359.62 30858.82 z^5^F^o^ 2  7927.47 a^5^D    2     3.98    3.74   0.19  -1.27
4364.15 47189.87 x^5^G^o^ 4 24282.34 b^5^D    4             0.39   0.07  -1.99
4368.27 47189.87 x^5^G^o^ 4 24303.94 b^5^D    3             1.96   0.18  -1.30
4371.26 30965.46 z^5^F^o^ 3  8095.21 a^5^D    3     2.96    2.70   0.14  -1.27
4373.26 30787.30 z^5^F^o^ 1  7927.47 a^5^D    2     0.66    0.58   0.04  -2.30
4384.96 31106.37 z^5^F^o^ 4  8307.57 a^5^D    4     1.63    1.51   0.08  -1.41
4391.74 30858.82 z^5^F^o^ 2  8095.21 a^5^D    3     0.389   0.326  0.018 -2.33
4412.23 30965.46 z^5^F^o^ 3  8307.57 a^5^D    4     0.137   0.105  0.006 -2.67
4496.84 29824.75 y^5^P^o^ 3  7593.16 a^5^S    2             3.38   0.18  -1.14
4526.44 42605.81 z^5^G^o^ 6 20519.60 a^5^G    6            17.7    0.9   -0.15
4527.33 42605.81 z^5^G^o^ 6 20523.94 a^5^G    5             2.12   0.11  -1.07
4529.84 42589.25 z^5^G^o^ 5 20519.60 a^5^G    6             1.31   0.09  -1.35
4530.68 42589.25 z^5^G^o^ 5 20523.69 a^5^G    4             3.11   0.27  -0.98
4530.73 42589.25 z^5^G^o^ 5 20523.94 a^5^G    5            16.0    0.8   -0.27
4535.12 42564.85 z^5^G^o^ 4 20520.92 a^5^G    3             3.48   0.20  -1.02
4535.69 42564.85 z^5^G^o^ 4 20523.69 a^5^G    4            13.8    0.7   -0.42
4535.75 42564.85 z^5^G^o^ 4 20523.94 a^5^G    5             2.33   0.14  -1.19
4539.76 42538.81 z^5^G^o^ 3 20517.40 a^5^G    2             2.96   0.16  -1.19
4540.49 42538.81 z^5^G^o^ 3 20520.92 a^5^G    3            14.0    0.7   -0.52
4541.06 42538.81 z^5^G^o^ 3 20523.69 a^5^G    4             3.25   0.18  -1.15
4544.60 42515.35 z^5^G^o^ 2 20517.40 a^5^G    2            16.6    0.9   -0.59
4545.33 42515.35 z^5^G^o^ 2 20520.92 a^5^G    3             3.21   0.18  -1.30
4545.95 29584.62 y^5^P^o^ 2  7593.16 a^5^S    2             2.75   0.14  -1.37
4565.50 29824.75 y^5^P^o^ 3  7927.47 a^5^D    2     0.306   0.432  0.028 -2.02
4580.04 29420.90 y^5^P^o^ 1  7593.16 a^5^S    2             2.34   0.12  -1.66
4591.39 29584.62 y^5^P^o^ 2  7810.82 a^5^D    1     0.95    1.16   0.06  -1.74
4600.74 29824.75 y^5^P^o^ 3  8095.21 a^5^D    3     2.10    2.52   0.14  -1.25
4613.36 29420.90 y^5^P^o^ 1  7750.78 a^5^D    0     2.08    2.31   0.12  -1.65
4616.12 29584.62 y^5^P^o^ 2  7927.47 a^5^D    2     3.63    4.02   0.20  -1.19
4626.17 29420.90 y^5^P^o^ 1  7810.82 a^5^D    1     4.64    4.85   0.24  -1.33
4628.47 46958.98 f^7^D    5 25359.62 z^7^F^o^ 4     0.80    1.13   0.15  -1.40
4633.26 46783.06 f^7^D    4 25206.02 z^7^F^o^ 3     2.44    2.7    0.3   -1.11
4639.50 46637.21 f^7^D    3 25089.20 z^7^F^o^ 2     5.0     5.5    0.4   -0.91
4646.15 29824.75 y^5^P^o^ 3  8307.57 a^5^D    4     7.9     8.0    0.4   -0.74
4646.79 46524.84 f^7^D    2 25010.64 z^7^F^o^ 1     8.7     8.9    0.8   -0.84
4651.28 29420.90 y^5^P^o^ 1  7927.47 a^5^D    2     3.55    3.56   0.18  -1.46
4652.15 29584.62 y^5^P^o^ 2  8095.21 a^5^D    3 N   5.68    5.68   0.29  -1.04
4654.76 46448.60 f^7^D    1 24971.21 z^7^F^o^ 0    14.5    14.7    0.9   -0.84
4663.32 46448.60 f^7^D    1 25010.64 z^7^F^o^ 1    28.8    27.9    1.7   -0.56
4663.82 46524.84 f^7^D    2 25089.20 z^7^F^o^ 2    25.9    24.7    1.4   -0.39
4664.79 46637.21 f^7^D    3 25206.02 z^7^F^o^ 3    21.5    21.8    1.2   -0.30
4666.20 45358.63 z^3^H^o^ 4 23933.90 a^3^H    4             4.44   0.24  -0.88
4666.48 46783.06 f^7^D    4 25359.62 z^7^F^o^ 4    15.8    15.5    0.9   -0.34
4667.17 45354.18 z^3^H^o^ 5 23933.90 a^3^H    4             1.55   0.11  -1.25
4669.33 46958.98 f^7^D    5 25548.64 z^7^F^o^ 5     8.6     9.4    0.6   -0.47
4680.47 46448.60 f^7^D    1 25089.20 z^7^F^o^ 2    17.1    17.3    1.1   -0.77
4689.38 46524.84 f^7^D    2 25206.02 z^7^F^o^ 3    25.4    24.0    1.4   -0.40
4692.97 45358.63 z^3^H^o^ 4 24056.11 a^3^H    5             0.24   0.04  -2.15
4693.95 45354.18 z^3^H^o^ 5 24056.11 a^3^H    5             4.35   0.24  -0.80
4695.15 45348.73 z^3^H^o^ 6 24056.11 a^3^H    5             1.78   0.10  -1.12
4698.47 46637.21 f^7^D    3 25359.62 z^7^F^o^ 4 N  33.1    33.1    1.8   -0.11
4708.02 46783.06 f^7^D    4 25548.64 z^7^F^o^ 5    41.0    39.0    2.1   +0.07
4718.43 46958.98 f^7^D    5 25771.40 z^7^F^o^ 6    49.2    47.3    2.5   +0.24
4727.15 45348.73 z^3^H^o^ 6 24200.23 a^3^H    6             5.2    0.3   -0.65
4745.27 42908.57 x^5^D^o^ 4 21840.84 a^5^P    3             1.39   0.22  -1.38
4789.34 41393.47 y^5^F^o^ 5 20519.60 a^5^G    6            12.4    1.6   -0.33
4790.34 41393.47 y^5^F^o^ 5 20523.94 a^5^G    5             0.88   0.13  -1.48
4814.28 45663.28 y^5^H^o^ 5 24897.55 a^3^G    4             1.57   0.14  -1.22
4829.31 41224.78 y^5^F^o^ 4 20523.69 a^5^G    4             1.22   0.19  -1.42
4829.37 41224.78 y^5^F^o^ 4 20523.94 a^5^G    5             9.8    1.4   -0.51
4836.87 45707.36 y^5^H^o^ 6 25038.61 a^3^G    5             1.8    0.3   -1.09
4847.21 45663.28 y^5^H^o^ 5 25038.61 a^3^G    5             0.29   0.05  -1.95
4861.19 41086.26 y^5^F^o^ 3 20520.92 a^5^G    3             1.43   0.23  -1.45
4861.85 41086.26 y^5^F^o^ 3 20523.69 a^5^G    4             7.7    1.1   -0.72
4870.80 45358.63 z^3^H^o^ 4 24833.86 a^3^G    3            30.2    1.5   -0.01
4880.05 45663.28 y^5^H^o^ 5 25177.39 a^3^F    4             0.67   0.15  -1.58
4885.96 45358.63 z^3^H^o^ 4 24897.55 a^3^G    4             2.33   0.14  -1.12
4887.03 45354.18 z^3^H^o^ 5 24897.55 a^3^G    4            30.6    1.6   +0.08
4887.68 40971.29 y^5^F^o^ 2 20517.40 a^5^G    2             0.48   0.09  -2.07
4888.52 40971.29 y^5^F^o^ 2 20520.92 a^5^G    3             2.4    0.4   -1.36
4903.22 40906.46 y^5^F^o^ 1 20517.40 a^5^G    2             7.7    1.3   -1.08
4920.96 45354.18 z^3^H^o^ 5 25038.61 a^3^G    5             2.98   0.16  -0.92
4922.28 45348.73 z^3^H^o^ 6 25038.61 a^3^G    5            50.2    2.5   +0.38
4936.34 45358.63 z^3^H^o^ 4 25106.34 a^3^F    3            16.9    0.9   -0.25
4953.71 45358.63 z^3^H^o^ 4 25177.39 a^3^F    4             0.99   0.07  -1.48
4954.81 45354.18 z^3^H^o^ 5 25177.39 a^3^F    4            16.6    0.9   -0.17
5013.31 41782.19 y^5^D^o^ 4 21840.84 a^5^P    3             5.0    0.8   -0.77
5065.92 41575.10 y^5^D^o^ 3 21840.84 a^5^P    3             1.55   0.25  -1.38
5067.72 41575.10 y^5^D^o^ 3 21847.88 a^5^P    2             3.2    0.5   -1.07
5110.75 41409.03 y^5^D^o^ 2 21847.88 a^5^P    2             2.4    0.4   -1.32
5113.12 41409.03 y^5^D^o^ 2 21856.94 a^5^P    1             1.70   0.27  -1.48
5142.26 41289.17 y^5^D^o^ 1 21847.88 a^5^P    2             0.96   0.19  -1.94
5144.66 41289.17 y^5^D^o^ 1 21856.94 a^5^P    1             3.5    0.6   -1.37
5177.42 46958.98 f^7^D    5 27649.71 z^7^D^o^ 4     6.6     6.7    0.6   -0.53
5184.55 46783.06 f^7^D    4 27500.37 z^7^D^o^ 3    11.4    11.3    0.7   -0.39
5192.00 46637.21 f^7^D    3 27382.18 z^7^D^o^ 2 N  14.0    14.0    0.9   -0.40
5200.21 46524.84 f^7^D    2 27300.19 z^7^D^o^ 1    13.0    13.0    0.9   -0.58
5204.51 26801.93 z^5^P^o^ 1  7593.16 a^5^S    2            52.4    2.6   -0.19
5206.04 26796.28 z^5^P^o^ 2  7593.16 a^5^S    2            51.9    2.6   +0.02
5208.42 26787.50 z^5^P^o^ 3  7593.16 a^5^S    2            52.1    2.6   +0.17
5220.91 46448.60 f^7^D    1 27300.19 z^7^D^o^ 1    10.7    10.6    0.7   -0.89
5224.07 46637.21 f^7^D    3 27500.37 z^7^D^o^ 3     4.0     4.7    0.5   -0.87
5224.97 46958.98 f^7^D    5 27825.45 z^7^D^o^ 5    25.6    26.0    1.5   +0.07
5225.02 46783.06 f^7^D    4 27649.71 z^7^D^o^ 4    13.0    13.6    0.9   -0.30
5225.81 40971.29 y^5^F^o^ 2 21840.84 a^5^P    3             1.54   0.24  -1.50
5227.74 40971.29 y^5^F^o^ 2 21847.88 a^5^P    2             0.43   0.07  -2.05
5230.22 40971.29 y^5^F^o^ 2 21856.94 a^5^P    1             0.92   0.15  -1.73
5238.96 40930.31 x^5^P^o^ 1 21847.88 a^5^P    2             4.3    0.7   -1.27
5241.45 40930.31 x^5^P^o^ 1 21856.94 a^5^P    1             0.97   0.22  -1.92
5243.36 46448.60 f^7^D    1 27382.18 z^7^D^o^ 2    21.1    21.3    1.3   -0.58
5247.57 26801.93 z^5^P^o^ 1  7750.78 a^5^D    0     2.03    2.07   0.11  -1.59
5254.93 46524.84 f^7^D    2 27500.37 z^7^D^o^ 3    18.8    19.0    1.2   -0.41
5255.13 46958.98 f^7^D    5 27935.26 y^7^P^o^ 4    16.3    17.6    1.2   -0.10
5264.16 26801.93 z^5^P^o^ 1  7810.82 a^5^D    1     4.52    4.53   0.23  -1.25
5265.16 46637.21 f^7^D    3 27649.71 z^7^D^o^ 4    13.9    15.2    0.9   -0.35
5265.72 26796.28 z^5^P^o^ 2  7810.82 a^5^D    1     0.90    0.95   0.05  -1.71
5272.01 46783.06 f^7^D    4 27820.23 y^7^P^o^ 3    10.1    10.2    0.8   -0.42
5273.46 46783.06 f^7^D    4 27825.45 z^7^D^o^ 5     7.6     8.2    0.6   -0.51
5287.20 46637.21 f^7^D    3 27728.87 y^7^P^o^ 2 N   4.6     4.6    0.5   -0.87
5296.69 26801.93 z^5^P^o^ 1  7927.47 a^5^D    2     3.45    3.48   0.18  -1.36
5298.28 26796.28 z^5^P^o^ 2  7927.47 a^5^D    2 N   3.45    3.45   0.18  -1.14
5300.74 26787.50 z^5^P^o^ 3  7927.47 a^5^D    2     0.281   0.342  0.024 -2.00
5304.18 46783.06 f^7^D    4 27935.26 y^7^P^o^ 4     5.9     5.7    0.5   -0.67
5312.87 46637.21 f^7^D    3 27820.23 y^7^P^o^ 3     9.9     9.5    0.6   -0.55
5318.81 46524.84 f^7^D    2 27728.87 y^7^P^o^ 2    10.5    10.0    0.7   -0.67
5340.47 46448.60 f^7^D    1 27728.87 y^7^P^o^ 2    15.5    14.5    1.1   -0.73
5344.79 46524.84 f^7^D    2 27820.23 y^7^P^o^ 3     5.2     4.8    0.3   -0.99
5345.80 26796.28 z^5^P^o^ 2  8095.21 a^5^D    3     5.37    5.23   0.27  -0.95
5348.31 26787.50 z^5^P^o^ 3  8095.21 a^5^D    3     1.92    2.05   0.11  -1.21
5409.77 26787.50 z^5^P^o^ 3  8307.57 a^5^D    4     7.1     7.0    0.4   -0.67
5628.62 45358.63 z^3^H^o^ 4 27597.22 b^3^G    3             4.2    0.4   -0.74
5664.04 45354.18 z^3^H^o^ 5 27703.84 b^3^G    4             3.68   0.26  -0.71
5702.32 45348.73 z^3^H^o^ 6 27816.88 b^3^G    5             3.41   0.24  -0.67
5712.75 41782.19 y^5^D^o^ 4 24282.34 b^5^D    4             2.1    0.4   -1.03
5719.81 41782.19 y^5^D^o^ 4 24303.94 b^5^D    3             0.59   0.12  -1.58
5781.16 41575.10 y^5^D^o^ 3 24282.34 b^5^D    4             2.8    0.5   -1.00
5787.04 41575.10 y^5^D^o^ 3 24299.89 b^5^D    2             0.81   0.22  -1.55
5788.39 41575.10 y^5^D^o^ 3 24303.94 b^5^D    3             0.91   0.17  -1.49
5838.65 41409.03 y^5^D^o^ 2 24286.54 b^5^D    1             0.59   0.11  -1.82
5844.59 41409.03 y^5^D^o^ 2 24303.94 b^5^D    3             0.67   0.15  -1.77
5876.54 41289.17 y^5^D^o^ 1 24277.06 b^5^D    0             0.58   0.14  -2.05
5884.43 41289.17 y^5^D^o^ 1 24299.89 b^5^D    2             0.88   0.21  -1.86
6313.22 47228.80 x^5^G^o^ 5 31393.40 a^5^F    5             0.25   0.05  -1.78
6322.60 47189.87 x^5^G^o^ 4 31377.96 a^5^F    4             0.30   0.06  -1.80
8917.13 42589.25 z^5^G^o^ 5 31377.96 a^5^F    4             0.106  0.017 -1.86
9290.48 31280.35 z^5^F^o^ 5 20519.60 a^5^G    6             0.29   0.04  -1.38
9294.23 31280.35 z^5^F^o^ 5 20523.94 a^5^G    5             0.025  0.003 -2.45
9446.81 31106.37 z^5^F^o^ 4 20523.69 a^5^G    4             0.051  0.008 -2.21
9447.03 31106.37 z^5^F^o^ 4 20523.94 a^5^G    5             0.29   0.04  -1.46
9571.75 30965.46 z^5^F^o^ 3 20520.92 a^5^G    3             0.052  0.007 -2.30
9574.29 30965.46 z^5^F^o^ 3 20523.69 a^5^G    4             0.24   0.03  -1.63
9667.20 30858.82 z^5^F^o^ 2 20517.40 a^5^G    2             0.045  0.006 -2.51
9670.49 30858.82 z^5^F^o^ 2 20520.92 a^5^G    3             0.23   0.03  -1.79
9734.52 30787.30 z^5^F^o^ 1 20517.40 a^5^G    2             0.27   0.04  -1.95
