2121.3903 47328.784 od 2   204.787 ev 3  24.6     1.3    -1.08
2125.6261 47030.102 od 3     0.000 ev 4   3.54    0.24   -1.77
2129.9541 47139.337 od 2   204.787 ev 3   3.53    0.24   -1.92
2134.9235 47030.102 od 3   204.787 ev 3  10.1     0.7    -1.32
2147.7838 47424.785 od 1   879.816 ev 2  45.4     2.7    -1.03
2152.2234 47328.784 od 2   879.816 ev 2   3.25    0.21   -1.95
2157.8282 47208.149 od 1   879.816 ev 2  36.0     2.0    -1.12
2158.3059 46522.866 od 2   204.787 ev 3  62.      3.     -0.67
2161.0384 47139.337 od 2   879.816 ev 2  11.5     0.7    -1.40
2166.1540 47030.102 od 3   879.816 ev 2   5.0     0.3    -1.61
2174.4846 47686.587 od 0  1713.087 ev 1 137.      8.     -1.01
2182.3810 47139.337 od 2  1332.164 ev 3  10.4     0.6    -1.43
2186.9397 47424.785 od 1  1713.087 ev 1   1.66    0.15   -2.45
2190.2292 46522.866 od 2   879.816 ev 2  31.0     1.7    -0.95
2197.3544 47208.149 od 1  1713.087 ev 1  77.      4.     -0.78
2200.6834 47139.337 od 2  1713.087 ev 1   7.2     0.4    -1.58
2211.0143 45418.804 od 2   204.787 ev 3   2.24    0.28   -2.09
2211.2971 47424.785 od 1  2216.550 ev 2  13.9     0.9    -1.51
2212.1552 46522.866 od 2  1332.164 ev 3   4.03    0.26   -1.83
2217.7700 45281.089 od 3   204.787 ev 3   1.09    0.14   -2.25
2225.3496 47139.337 od 2  2216.550 ev 2   1.17    0.09   -2.36
2230.9623 46522.866 od 2  1713.087 ev 1   4.5     0.3    -1.77
2244.5276 45418.804 od 2   879.816 ev 2   7.6     0.9    -1.54
2251.4899 45281.089 od 3   879.816 ev 2   2.3     0.4    -1.90
2253.5722 44565.037 od 3   204.787 ev 3  15.7     1.6    -1.08
2255.8784 44314.904 od 4     0.000 ev 4   1.81    0.17   -1.91
2256.3157 46522.866 od 2  2216.550 ev 2   1.83    0.13   -2.15
2258.1509 44475.099 od 2   204.787 ev 3  16.0     1.5    -1.21
2259.5672 45122.383 od 1   879.816 ev 2  20.3     2.0    -1.33
2266.3526 44314.904 od 4   204.787 ev 3   2.21    0.24   -1.81
2267.5596 45418.804 od 2  1332.164 ev 3   7.1     0.9    -1.56
2271.2585 47424.785 od 1  3409.937 ev 2   1.93    0.18   -2.35
2274.6657 45281.089 od 3  1332.164 ev 3   3.1     0.4    -1.77
2276.2237 47328.784 od 2  3409.937 ev 2   1.43    0.13   -2.26
2286.1265 43933.408 od 2   204.787 ev 3   0.71    0.05   -2.56
2287.3246 45418.804 od 2  1713.087 ev 1   9.3     1.1    -1.44
2288.3979 44565.037 od 3   879.816 ev 2   7.1     0.7    -1.41
2289.9873 43654.903 od 3     0.000 ev 4 208.     12.     +0.06
2291.8112 47030.102 od 3  3409.937 ev 2   0.45    0.04   -2.60
2293.1193 44475.099 od 2   879.816 ev 2  27.4     2.4    -0.97
2300.7813 43654.903 od 3   204.787 ev 3  58.      3.     -0.49
2302.9451 45122.383 od 1  1713.087 ev 1  40.      4.     -1.02
2310.9616 43258.726 od 4     0.000 ev 4 480.     48.     +0.54
2312.3437 44565.037 od 3  1332.164 ev 3 462.     46.     +0.41
2313.9827 45418.804 od 2  2216.550 ev 2 528.     59.     +0.33
2317.1645 44475.099 od 2  1332.164 ev 3 369.     32.     +0.17
2318.7774 46522.866 od 2  3409.937 ev 2   4.6     0.3    -1.73
2321.3831 45281.089 od 3  2216.550 ev 2 545.     61.     +0.49
2321.9547 43258.726 od 4   204.787 ev 3  16.2     1.6    -0.93
2321.9734 43933.408 od 2   879.816 ev 2   2.94    0.24   -1.93
2325.8012 44314.904 od 4  1332.164 ev 3 341.     24.     +0.40
2329.9705 45122.383 od 1  2216.550 ev 2 411.     39.     +0.00
2337.0929 43654.903 od 3   879.816 ev 2  10.7     0.7    -1.21
2337.4882 42767.853 od 3     0.000 ev 4  57.6     2.9    -0.48
2337.8075 44475.099 od 2  1713.087 ev 1  16.4     1.8    -1.17
2338.4964 42954.203 od 2   204.787 ev 3   2.29    0.15   -2.03
2345.5432 42620.994 od 3     0.000 ev 4 228.     11.     +0.12
2346.6307 43933.408 od 2  1332.164 ev 3  35.1     1.8    -0.84
2347.5142 42585.212 od 4     0.000 ev 4  17.5     0.9    -0.88
2348.7357 42767.853 od 3   204.787 ev 3   0.70    0.05   -2.39
2355.0546 42653.661 od 2   204.787 ev 3   4.7     0.3    -1.71
2356.8685 42620.994 od 3   204.787 ev 3   5.29    0.28   -1.51
2358.8586 42585.212 od 4   204.787 ev 3   3.32    0.19   -1.60
2360.6377 44565.037 od 3  2216.550 ev 2  14.3     1.6    -1.08
2362.0740 43654.903 od 3  1332.164 ev 3  16.3     1.2    -1.02
2365.6622 44475.099 od 2  2216.550 ev 2   1.03    0.14   -2.37
2367.8043 43933.408 od 2  1713.087 ev 1   0.37    0.04   -2.81
2376.0177 42954.203 od 2   879.816 ev 2   4.68    0.25   -1.70
2379.7238 45418.804 od 2  3409.937 ev 2   1.38    0.18   -2.23
2384.3957 43258.726 od 4  1332.164 ev 3   3.6     0.4    -1.56
2386.5889 42767.853 od 3   879.816 ev 2  11.0     0.6    -1.18
2387.5514 45281.089 od 3  3409.937 ev 2   3.7     0.5    -1.65
2392.9627 42656.289 od 1   879.816 ev 2   9.1     0.5    -1.63
2393.1133 42653.661 od 2   879.816 ev 2   0.70    0.04   -2.52
2394.9863 42620.994 od 3   879.816 ev 2   0.289   0.029  -2.76
2396.3826 43933.408 od 2  2216.550 ev 2   1.33    0.08   -2.24
2396.6361 45122.383 od 1  3409.937 ev 2   4.3     0.5    -1.95
2401.8423 42954.203 od 2  1332.164 ev 3  18.4     0.9    -1.10
2412.6450 42767.853 od 3  1332.164 ev 3   4.96    0.28   -1.52
2419.3128 42653.661 od 2  1332.164 ev 3  20.4     1.0    -1.05
2421.2271 42620.994 od 3  1332.164 ev 3   3.93    0.24   -1.62
2423.3274 42585.212 od 4  1332.164 ev 3   1.47    0.10   -1.93
2424.0285 42954.203 od 2  1713.087 ev 1   5.5     0.3    -1.61
2429.0953 44565.037 od 3  3409.937 ev 2   0.66    0.08   -2.39
2434.4157 44475.099 od 2  3409.937 ev 2   4.2     0.4    -1.73
2441.6678 42656.289 od 1  1713.087 ev 1  10.2     0.5    -1.56
2441.8245 42653.661 od 2  1713.087 ev 1   6.9     0.4    -1.51
2453.9885 42954.203 od 2  2216.550 ev 2   5.8     0.3    -1.59
2465.2664 42767.853 od 3  2216.550 ev 2   1.51    0.09   -2.02
2466.9597 43933.408 od 2  3409.937 ev 2   1.52    0.10   -2.16
2472.0680 42656.289 od 1  2216.550 ev 2  15.4     0.8    -1.37
2472.2287 42653.661 od 2  2216.550 ev 2   0.77    0.05   -2.45
2476.8758 40361.249 od 3     0.000 ev 4   2.30    0.12   -1.83
2481.9077 40484.212 od 2   204.787 ev 3   0.082   0.006  -3.42
2484.0329 43654.903 od 3  3409.937 ev 2   1.13    0.09   -2.14
2489.5081 40361.249 od 3   204.787 ev 3   1.24    0.06   -2.09
2524.2130 40484.212 od 2   879.816 ev 2   0.75    0.04   -2.45
2528.0515 42954.203 od 2  3409.937 ev 2   0.65    0.04   -2.50
2532.0750 40361.249 od 3   879.816 ev 2   0.304   0.016  -2.69
2540.0220 42767.853 od 3  3409.937 ev 2   1.19    0.08   -2.09
2547.4135 42653.661 od 2  3409.937 ev 2   0.76    0.05   -2.43
2549.5359 42620.994 od 3  3409.937 ev 2   0.254   0.020  -2.76
2553.3787 40484.212 od 2  1332.164 ev 3   0.409   0.024  -2.70
2561.4238 40361.249 od 3  1332.164 ev 3   0.252   0.013  -2.76
2578.4671 40484.212 od 2  1713.087 ev 1   0.407   0.023  -2.69
2612.3924 40484.212 od 2  2216.550 ev 2   0.0241  0.0023 -3.91
2696.4879 40484.212 od 2  3409.937 ev 2   0.76    0.04   -2.38
2705.4615 40361.249 od 3  3409.937 ev 2   0.230   0.014  -2.75
2746.7421 36600.791 od 2   204.787 ev 3   1.00    0.09   -2.25
2798.6507 36600.791 od 2   879.816 ev 2   4.9     0.3    -1.54
2805.0788 35639.122 od 3     0.000 ev 4   0.33    0.04   -2.56
2821.2911 35639.122 od 3   204.787 ev 3   4.66    0.29   -1.41
2834.5474 36600.791 od 2  1332.164 ev 3   0.392   0.028  -2.63
2865.4981 36600.791 od 2  1713.087 ev 1   0.83    0.06   -2.29
2907.4574 36600.791 od 2  2216.550 ev 2   0.97    0.07   -2.21
2914.0073 35639.122 od 3  1332.164 ev 3   0.232   0.015  -2.68
2943.9121 34163.264 od 2   204.787 ev 3  10.4     0.5    -1.17
2973.7297 47139.337 od 2 13521.347 ev 2   1.01    0.23   -2.18
2981.6459 34408.555 od 1   879.816 ev 2  26.4     1.4    -0.98
2983.4242 47030.102 od 3 13521.347 ev 2   4.5     0.6    -1.38
2984.1307 33500.822 od 3     0.000 ev 4   3.42    0.19   -1.50
2991.1175 35639.122 od 3  2216.550 ev 2   0.044   0.004  -3.39
2992.5922 33610.890 od 2   204.787 ev 3   8.9     0.5    -1.22
2994.4532 33590.130 od 4   204.787 ev 3   8.7     0.4    -0.98
3002.4854 33500.822 od 3   204.787 ev 3  93.      5.     -0.06
3003.6209 34163.264 od 2   879.816 ev 2  71.      4.     -0.32
3012.0006 36600.791 od 2  3409.937 ev 2 148.      7.     +0.00
3019.1433 33112.334 od 3     0.000 ev 4   4.89    0.26   -1.33
3031.8672 32973.376 od 4     0.000 ev 4   1.24    0.06   -1.81
3037.9325 33112.334 od 3   204.787 ev 3  31.5     1.6    -0.52
3045.0066 34163.264 od 2  1332.164 ev 3   2.46    0.13   -1.77
3050.8156 32973.376 od 4   204.787 ev 3  64.      3.     -0.10
3054.3125 33610.890 od 2   879.816 ev 2  35.9     1.9    -0.60
3057.6388 34408.555 od 1  1713.087 ev 1 101.      5.     -0.37
3064.6186 33500.822 od 3   879.816 ev 2   7.2     0.4    -1.15
3080.7525 34163.264 od 2  1713.087 ev 1   9.4     0.5    -1.18
3097.1168 33610.890 od 2  1332.164 ev 3   4.39    0.24   -1.50
3099.1100 33590.130 od 4  1332.164 ev 3   1.70    0.09   -1.66
3101.5569 33112.334 od 3   879.816 ev 2  71.      4.     -0.14
3101.8777 35639.122 od 3  3409.937 ev 2  57.4     2.9    -0.24
3105.4603 34408.555 od 1  2216.550 ev 2   7.4     0.4    -1.50
3107.7143 33500.822 od 3  1332.164 ev 3   0.064   0.005  -3.19
3114.1244 32982.260 od 1   879.816 ev 2   6.6     0.4    -1.54
3129.3054 34163.264 od 2  2216.550 ev 2   0.425   0.025  -2.51
3134.1039 33610.890 od 2  1713.087 ev 1  75.      4.     -0.26
3145.1121 31786.162 od 3     0.000 ev 4   0.0094  0.0008 -4.01
3145.7051 33112.334 od 3  1332.164 ev 3   0.411   0.023  -2.37
3159.5206 32973.376 od 4  1332.164 ev 3   0.0244  0.0014 -3.48
3165.5071 31786.162 od 3   204.787 ev 3   0.0235  0.0015 -3.61
3170.7162 47139.337 od 2 15609.844 ev 2   0.73    0.20   -2.26
3181.7398 47030.102 od 3 15609.844 ev 2   6.5     0.9    -1.16
3183.2517 47139.337 od 2 15734.001 ev 1   6.0     1.0    -1.34
3184.3666 33610.890 od 2  2216.550 ev 2   0.86    0.05   -2.18
3195.5707 33500.822 od 3  2216.550 ev 2   0.302   0.017  -2.49
3197.1138 32982.260 od 1  1713.087 ev 1   3.30    0.19   -1.82
3200.4224 31441.635 od 2   204.787 ev 3   0.144   0.009  -2.96
3202.1392 56973.654 ev 5 25753.553 od 4  39.      3.     -0.18
3221.6515 31031.020 od 3     0.000 ev 4   1.24    0.08   -1.87
3225.0191 34408.555 od 1  3409.937 ev 2   9.3     0.5    -1.36
3226.9834 30979.749 od 4     0.000 ev 4   0.197   0.012  -2.56
3232.9335 30922.734 od 5     0.000 ev 4   5.49    0.28   -1.02
3234.6478 31786.162 od 3   879.816 ev 2   1.90    0.10   -1.68
3243.0545 31031.020 od 3   204.787 ev 3   4.9     0.3    -1.27
3248.4576 30979.749 od 4   204.787 ev 3   0.480   0.027  -2.16
3249.4346 32982.260 od 1  2216.550 ev 2   0.47    0.03   -2.65
3250.7430 34163.264 od 2  3409.937 ev 2   2.18    0.13   -1.76
3271.1137 31441.635 od 2   879.816 ev 2   0.59    0.03   -2.33
3282.6953 31786.162 od 3  1332.164 ev 3   0.337   0.018  -2.42
3286.9448 30619.414 od 2   204.787 ev 3   0.362   0.020  -2.53
3310.2010 33610.890 od 2  3409.937 ev 2   0.148   0.010  -2.92
3315.6629 31031.020 od 3   879.816 ev 2   5.5     0.3    -1.20
3320.2587 31441.635 od 2  1332.164 ev 3   4.45    0.25   -1.43
3322.3096 33500.822 od 3  3409.937 ev 2   3.58    0.22   -1.38
3328.7131 30912.817 od 1   879.816 ev 2   0.089   0.005  -3.36
3337.0094 30163.124 od 2   204.787 ev 3   0.0070  0.0005 -4.24
3351.0544 29832.779 od 3     0.000 ev 4   0.0021  0.0004 -4.61
3361.5543 30619.414 od 2   879.816 ev 2   4.24    0.23   -1.44
3362.8039 31441.635 od 2  1713.087 ev 1   0.115   0.007  -3.01
3364.5908 56973.654 ev 5 27260.894 od 6  19.2     1.2    -0.45
3365.7647 33112.334 od 3  3409.937 ev 2   4.22    0.25   -1.30
3366.1660 31031.020 od 3  1332.164 ev 3   3.07    0.19   -1.44
3366.8068 56954.098 ev 6 27260.894 od 6  65.      3.     +0.16
3367.8859 29888.477 od 2   204.787 ev 3   0.196   0.011  -2.78
3369.5656 29668.893 od 3     0.000 ev 4  17.5     0.9    -0.68
3371.9875 30979.749 od 4  1332.164 ev 3   2.60    0.13   -1.40
3374.2174 29832.779 od 3   204.787 ev 3   1.26    0.07   -1.82
3374.6356 56885.215 ev 7 27260.894 od 6 164.      8.     +0.62
3380.5695 32982.260 od 1  3409.937 ev 2 129.      7.     -0.18
3380.8794 31786.162 od 3  2216.550 ev 2   2.88    0.15   -1.46
3391.0430 29480.989 od 4     0.000 ev 4   5.79    0.30   -1.05
3392.9862 29668.893 od 3   204.787 ev 3  25.4     1.3    -0.51
3401.1641 56973.654 ev 5 27580.391 od 5  43.3     2.5    -0.08
3403.4286 56954.098 ev 6 27580.391 od 5  41.1     2.2    -0.03
3409.5744 29320.762 od 3     0.000 ev 4   0.306   0.016  -2.43
3413.4759 30619.414 od 2  1332.164 ev 3   4.53    0.24   -1.40
3413.9355 30163.124 od 2   879.816 ev 2   2.04    0.10   -1.75
3414.7641 29480.989 od 4   204.787 ev 3  64.      3.     +0.00
3420.7370 31441.635 od 2  2216.550 ev 2   0.067   0.005  -3.23
3423.7074 30912.817 od 1  1713.087 ev 1  37.0     1.9    -0.71
3433.5564 29320.762 od 3   204.787 ev 3  17.3     0.9    -0.67
3437.2774 29084.456 od 4     0.000 ev 4   3.94    0.20   -1.20
3446.2588 29888.477 od 2   879.816 ev 2  46.8     2.3    -0.38
3452.8887 29832.779 od 3   879.816 ev 2  10.0     0.5    -0.90
3458.4596 30619.414 od 2  1713.087 ev 1  68.      3.     -0.21
3461.6521 29084.456 od 4   204.787 ev 3  27.8     1.4    -0.35
3467.5006 30163.124 od 2  1332.164 ev 3   1.05    0.05   -2.03
3469.4850 31031.020 od 3  2216.550 ev 2   1.29    0.07   -1.79
3472.5453 29668.893 od 3   879.816 ev 2  12.8     0.7    -0.79
3483.7766 30912.817 od 1  2216.550 ev 2  14.3     0.7    -1.11
3492.9558 29500.674 od 1   879.816 ev 2 104.      5.     -0.24
3500.8511 29888.477 od 2  1332.164 ev 3   5.8     0.3    -1.27
3507.6929 29832.779 od 3  1332.164 ev 3   0.201   0.011  -2.59
3510.3350 30192.251 od 0  1713.087 ev 1 123.      6.     -0.64
3513.9290 30163.124 od 2  1713.087 ev 1   1.06    0.05   -2.01
3515.0522 29320.762 od 3   879.816 ev 2  50.4     2.5    -0.18
3516.2140 56973.654 ev 5 28542.105 od 5  57.      3.     +0.07
3518.6343 56954.098 ev 6 28542.105 od 5  46.4     2.5    +0.05
3519.7653 30619.414 od 2  2216.550 ev 2   3.90    0.21   -1.44
3523.0697 31786.162 od 3  3409.937 ev 2   0.0289  0.0017 -3.42
3524.5365 28569.203 od 2   204.787 ev 3 110.      6.     +0.01
3527.9803 29668.893 od 3  1332.164 ev 3   0.437   0.024  -2.24
3548.1829 29888.477 od 2  1713.087 ev 1   3.05    0.19   -1.54
3551.5316 29480.989 od 4  1332.164 ev 3   0.131   0.009  -2.65
3566.3716 31441.635 od 2  3409.937 ev 2  60.      3.     -0.24
3571.8637 29320.762 od 3  1332.164 ev 3   5.18    0.27   -1.16
3577.2349 30163.124 od 2  2216.550 ev 2   0.0117  0.0008 -3.95
3597.7027 29500.674 od 1  1713.087 ev 1  13.7     0.7    -1.10
3602.2783 29084.456 od 4  1332.164 ev 3   0.386   0.027  -2.17
3610.4622 28569.203 od 2   879.816 ev 2   7.3     0.4    -1.14
3612.7404 29888.477 od 2  2216.550 ev 2   4.02    0.22   -1.41
3619.3908 31031.020 od 3  3409.937 ev 2  77.      4.     +0.03
3620.0269 29832.779 od 3  2216.550 ev 2   0.0037  0.0004 -4.29
3634.9467 30912.817 od 1  3409.937 ev 2   0.319   0.018  -2.72
3641.6385 29668.893 od 3  2216.550 ev 2   0.0140  0.0008 -3.71
3664.0914 29500.674 od 1  2216.550 ev 2   1.21    0.07   -2.14
3670.4258 28569.203 od 2  1332.164 ev 3   0.404   0.023  -2.39
3674.1438 30619.414 od 2  3409.937 ev 2   1.25    0.07   -1.90
3688.4135 29320.762 od 3  2216.550 ev 2   0.320   0.017  -2.34
3707.7497 40484.212 od 2 13521.347 ev 2   0.0122  0.0028 -3.90
3722.4879 28569.203 od 2  1713.087 ev 1   0.424   0.023  -2.36
3736.8100 30163.124 od 2  3409.937 ev 2   1.08    0.06   -1.94
3775.5708 29888.477 od 2  3409.937 ev 2   3.68    0.21   -1.41
3783.5297 29832.779 od 3  3409.937 ev 2   2.64    0.15   -1.40
3793.6071 28569.203 od 2  2216.550 ev 2   0.104   0.006  -2.95
3807.1438 29668.893 od 3  3409.937 ev 2   3.90    0.25   -1.23
3831.6908 29500.674 od 1  3409.937 ev 2   0.84    0.06   -2.25
3858.2968 29320.762 od 3  3409.937 ev 2   7.1     0.4    -0.96
3973.5547 28569.203 od 2  3409.937 ev 2   0.209   0.013  -2.61
4019.0667 40484.212 od 2 15609.844 ev 2   0.033   0.004  -3.40
4221.6876 50346.427 ev 2 26665.887 od 3   0.61    0.07   -2.09
4284.6748 49085.982 ev 4 25753.553 od 4   1.89    0.12   -1.33
4325.5998 49777.569 ev 3 26665.887 od 3   4.70    0.26   -1.03
4331.6421 36600.791 od 2 13521.347 ev 2   0.39    0.05   -2.27
4359.5772 50346.427 ev 2 27414.868 od 2   8.1     0.4    -0.94
4401.5408 48466.490 ev 5 25753.553 od 4  35.7     1.9    +0.06
4441.4436 49174.770 ev 4 26665.887 od 3   0.23    0.03   -2.21
4459.0329 49085.982 ev 4 26665.887 od 3  25.4     1.3    -0.17
4462.4548 50346.427 ev 2 27943.524 od 1  19.0     1.0    -0.55
4470.4772 49777.569 ev 3 27414.868 od 2  23.7     1.2    -0.30
4519.9829 35639.122 od 3 13521.347 ev 2   0.039   0.005  -3.08
4592.5262 50346.427 ev 2 28578.018 od 3  27.5     1.4    -0.36
4604.9875 49777.569 ev 3 28068.065 od 4  25.6     1.3    -0.24
4629.5382 49174.770 ev 4 27580.391 od 5   0.204   0.028  -2.23
4648.6520 49085.982 ev 4 27580.391 od 5  27.6     1.4    -0.09
4686.2131 50346.427 ev 2 29013.206 od 2  15.7     0.8    -0.59
4713.8016 49777.569 ev 3 28569.203 od 2   0.23    0.03   -2.27
4714.4173 48466.490 ev 5 27260.894 od 6  49.0     2.5    +0.25
4715.7617 49777.569 ev 3 28578.018 od 3  20.3     1.0    -0.33
4736.5061 49174.770 ev 4 28068.065 od 4   0.181   0.026  -2.26
4740.1646 49158.480 ev 5 28068.065 od 4   0.51    0.04   -1.72
4754.7624 50346.427 ev 2 29320.762 od 3   6.1     0.3    -0.98
4756.5153 49085.982 ev 4 28068.065 od 4  17.5     0.9    -0.27
4762.6267 36600.791 od 2 15609.844 ev 2   0.155   0.022  -2.58
4786.2812 34408.555 od 1 13521.347 ev 2   0.070   0.009  -3.14
4786.5354 48466.490 ev 5 27580.391 od 5  17.7     0.9    -0.18
4790.9647 36600.791 od 2 15734.001 ev 1   0.0149  0.0021 -3.59
4795.7996 50346.427 ev 2 29500.674 od 1   0.27    0.09   -2.33
4814.5980 49777.569 ev 3 29013.206 od 2   0.96    0.06   -1.63
4831.1757 49777.569 ev 3 29084.456 od 4  19.4     1.0    -0.32
4834.8157 50346.427 ev 2 29668.893 od 3   0.16    0.03   -2.54
4843.1582 34163.264 od 2 13521.347 ev 2   0.031   0.004  -3.26
4845.3299 49174.770 ev 4 28542.105 od 5   0.123   0.016  -2.41
4853.7785 49174.770 ev 4 28578.018 od 3   0.85    0.06   -1.57
4866.2711 49085.982 ev 4 28542.105 od 5  18.7     1.0    -0.22
4873.4422 50346.427 ev 2 29832.779 od 3  23.3     1.2    -0.38
4874.7929 49085.982 ev 4 28578.018 od 3   1.12    0.07   -1.44
4886.7106 50346.427 ev 2 29888.477 od 2   0.86    0.06   -1.81
4886.9837 49777.569 ev 3 29320.762 od 3   3.02    0.16   -1.12
4900.9708 48466.490 ev 5 28068.065 od 4   0.55    0.04   -1.66
4925.5634 49777.569 ev 3 29480.989 od 4   6.5     0.4    -0.78
4953.2081 50346.427 ev 2 30163.124 od 2  14.2     0.8    -0.58
4976.1346 49174.770 ev 4 29084.456 od 4   1.64    0.09   -1.26
4976.3255 33610.890 od 2 13521.347 ev 2   0.054   0.007  -3.00
4980.1727 49158.480 ev 5 29084.456 od 4  28.4     1.4    +0.07
4998.2242 49085.982 ev 4 29084.456 od 4   6.0     0.3    -0.70
5003.7407 33500.822 od 3 13521.347 ev 2   0.033   0.005  -3.07
5010.0226 50346.427 ev 2 30392.003 od 1   5.5     0.3    -0.98
5012.4426 49777.569 ev 3 29832.779 od 3  11.2     0.6    -0.53
5017.5760 48466.490 ev 5 28542.105 od 5  22.6     1.2    -0.03
5035.3622 49174.770 ev 4 29320.762 od 3  57.3     2.9    +0.29
5057.9820 49085.982 ev 4 29320.762 od 3   1.42    0.08   -1.31
5067.7784 50346.427 ev 2 30619.414 od 2   1.16    0.08   -1.65
5076.3300 49174.770 ev 4 29480.989 od 4   1.14    0.08   -1.40
5079.9584 34408.555 od 1 14728.840 ev 0   0.147   0.021  -2.77
5080.5325 49158.480 ev 5 29480.989 od 4  49.6     2.5    +0.32
5096.8629 49777.569 ev 3 30163.124 od 2   4.7     0.3    -0.89
5099.3202 49085.982 ev 4 29480.989 od 4  10.2     0.6    -0.45
5102.9659 33112.334 od 3 13521.347 ev 2   0.049   0.007  -2.87
5125.2319 49174.770 ev 4 29668.893 od 3   6.3     0.3    -0.65
5137.0738 32982.260 od 1 13521.347 ev 2   0.97    0.11   -1.94
5148.6682 49085.982 ev 4 29668.893 od 3   0.39    0.03   -1.85
5157.9804 48466.490 ev 5 29084.456 od 4   0.70    0.04   -1.51
5168.6589 49174.770 ev 4 29832.779 od 3  10.3     0.5    -0.43
5192.4950 49085.982 ev 4 29832.779 od 3   1.39    0.08   -1.30
5218.2565 49777.569 ev 3 30619.414 od 2   0.177   0.027  -2.30
5265.7118 48466.490 ev 5 29480.989 od 4   0.43    0.03   -1.71
5288.1926 50346.427 ev 2 31441.635 od 2   0.060   0.020  -2.90
5332.8317 49777.569 ev 3 31031.020 od 3   0.078   0.021  -2.63
5353.3914 34408.555 od 1 15734.001 ev 1   0.121   0.019  -2.81
5388.3437 34163.264 od 2 15609.844 ev 2   0.0143  0.0023 -3.51
5424.6451 34163.264 od 2 15734.001 ev 1   0.083   0.013  -2.74
5435.8577 34408.555 od 1 16017.306 ev 0   0.20    0.03   -2.58
5476.9036 32982.260 od 1 14728.840 ev 0  12.4     1.5    -0.78
5482.2118 49158.480 ev 5 30922.734 od 5   0.061   0.017  -2.52
5494.4825 49174.770 ev 4 30979.749 od 4   0.098   0.019  -2.40
5499.4062 49158.480 ev 5 30979.749 od 4   0.134   0.020  -2.17
5504.0941 49085.982 ev 4 30922.734 od 5   0.50    0.04   -1.69
5510.0091 49174.770 ev 4 31031.020 od 3   3.22    0.22   -0.88
5521.4262 49085.982 ev 4 30979.749 od 4   0.128   0.016  -2.28
5537.1057 49085.982 ev 4 31031.020 od 3   0.145   0.015  -2.22
5553.6904 33610.890 od 2 15609.844 ev 2   0.029   0.005  -3.17
5578.7184 31441.635 od 2 13521.347 ev 2   0.063   0.008  -2.83
5587.8579 33500.822 od 3 15609.844 ev 2   0.125   0.021  -2.39
5592.2618 33610.890 od 2 15734.001 ev 1   0.133   0.021  -2.51
5709.5449 31031.020 od 3 13521.347 ev 2   0.145   0.018  -2.30
5711.8881 33112.334 od 3 15609.844 ev 2   0.102   0.017  -2.46
5748.3508 30912.817 od 1 13521.347 ev 2   0.038   0.007  -3.24
5749.2970 49174.770 ev 4 31786.162 od 3   0.271   0.024  -1.92
5754.6557 32982.260 od 1 15609.844 ev 2   0.40    0.06   -2.22
5846.9935 30619.414 od 2 13521.347 ev 2   0.0135  0.0019 -3.46
5892.8715 32982.260 od 1 16017.306 ev 0   0.38    0.06   -2.22
6007.3099 30163.124 od 2 13521.347 ev 2   0.0148  0.0021 -3.40
6108.1159 29888.477 od 2 13521.347 ev 2   0.090   0.013  -2.60
6128.9732 29832.779 od 3 13521.347 ev 2   0.0095  0.0014 -3.43
6176.8115 49158.480 ev 5 32973.376 od 4   8.7     0.7    -0.26
6177.2416 30912.817 od 1 14728.840 ev 0   0.020   0.003  -3.46
6191.1784 29668.893 od 3 13521.347 ev 2   0.085   0.012  -2.47
6204.6040 49085.982 ev 4 32973.376 od 4   1.62    0.14   -1.08
6223.9839 49174.770 ev 4 33112.334 od 3   2.34    0.15   -0.91
6256.3553 29500.674 od 1 13521.347 ev 2   0.185   0.026  -2.49
6258.5796 49085.982 ev 4 33112.334 od 3   0.86    0.07   -1.34
6272.6284 50346.427 ev 2 34408.555 od 1   0.56    0.10   -1.78
6327.5986 29320.762 od 3 13521.347 ev 2   0.0161  0.0022 -3.17
6378.2502 49174.770 ev 4 33500.822 od 3   2.76    0.27   -0.82
6414.5871 49085.982 ev 4 33500.822 od 3   1.23    0.13   -1.16
6421.5134 49158.480 ev 5 33590.130 od 4   1.02    0.10   -1.16
6532.8731 30912.817 od 1 15609.844 ev 2   0.023   0.004  -3.35
6586.3099 30912.817 od 1 15734.001 ev 1   0.085   0.013  -2.78
6643.6304 28569.203 od 2 13521.347 ev 2   0.181   0.026  -2.22
6767.7721 29500.674 od 1 14728.840 ev 0   0.35    0.05   -2.14
7001.5406 29888.477 od 2 15609.844 ev 2   0.0077  0.0014 -3.55
7028.9593 29832.779 od 3 15609.844 ev 2   0.0038  0.0007 -3.71
7062.9555 29888.477 od 2 15734.001 ev 1   0.0102  0.0019 -3.42
7110.8962 29668.893 od 3 15609.844 ev 2   0.019   0.003  -3.00
7197.0103 29500.674 od 1 15609.844 ev 2   0.115   0.018  -2.57
7261.9181 29500.674 od 1 15734.001 ev 1   0.100   0.016  -2.62
7291.4486 29320.762 od 3 15609.844 ev 2   0.021   0.003  -2.92
7385.2376 35639.122 od 3 22102.325 ev 4   0.15    0.03   -2.07
7414.5024 29500.674 od 1 16017.306 ev 0   0.134   0.022  -2.48
7714.3079 28569.203 od 2 15609.844 ev 2   0.22    0.04   -2.00
7788.9301 28569.203 od 2 15734.001 ev 1   0.146   0.024  -2.18
