32709.439 3056.3328  6  6 -0.01853  0.001732 0.22569
32709.439 3056.3328  6  5  0.04581 -0.004281 0.04514
32709.439 3056.3328  5  6 -0.07013  0.006554 0.04514
32709.439 3056.3328  5  5 -0.00579  0.000541 0.11546
32709.439 3056.3328  5  4  0.04779 -0.004466 0.06857
32709.439 3056.3328  4  5 -0.04879  0.004559 0.06857
32709.439 3056.3328  4  4  0.00479 -0.000448 0.04527
32709.439 3056.3328  4  3  0.04763 -0.004450 0.07366
32709.439 3056.3328  3  4 -0.02961  0.002767 0.07366
32709.439 3056.3328  3  3  0.01323 -0.001236 0.00868
32709.439 3056.3328  3  2  0.04534 -0.004236 0.06349
32709.439 3056.3328  2  3 -0.01257  0.001175 0.06349
32709.439 3056.3328  2  2  0.01954 -0.001825 0.00050
32709.439 3056.3328  2  1  0.04093 -0.003825 0.04018
32709.439 3056.3328  1  2  0.00234 -0.000218 0.04018
32709.439 3056.3328  1  1  0.02373 -0.002218 0.02232
32665.413 3060.4522  7  7 -0.05799  0.005433 0.20833
32665.413 3060.4522  7  6  0.00040 -0.000037 0.02604
32665.413 3060.4522  6  7 -0.08319  0.007794 0.02604
32665.413 3060.4522  6  6 -0.02480  0.002324 0.13542
32665.413 3060.4522  6  5  0.02520 -0.002361 0.04167
32665.413 3060.4522  5  6 -0.04640  0.004348 0.04167
32665.413 3060.4522  5  5  0.00360 -0.000337 0.08185
32665.413 3060.4522  5  4  0.04523 -0.004238 0.04836
32665.413 3060.4522  4  5 -0.01440  0.001350 0.04836
32665.413 3060.4522  4  4  0.02723 -0.002551 0.04464
32665.413 3060.4522  4  3  0.06052 -0.005670 0.04762
32665.413 3060.4522  3  4  0.01283 -0.001202 0.04762
32665.413 3060.4522  3  3  0.04612 -0.004321 0.02083
32665.413 3060.4522  3  2  0.07107 -0.006659 0.04092
32665.413 3060.4522  2  3  0.03532 -0.003309 0.04092
32665.413 3060.4522  2  2  0.06027 -0.005647 0.00744
32665.413 3060.4522  2  1  0.07690 -0.007205 0.02976
32665.413 3060.4522  1  2  0.05307 -0.004972 0.02976
32665.413 3060.4522  1  1  0.06970 -0.006531 0.00149
32665.413 3060.4522  1  0  0.07801 -0.007309 0.01563
32665.413 3060.4522  0  1  0.06610 -0.006193 0.01563
31403.784 3183.4090  7  6  0.02504 -0.002538 0.23437
31403.784 3183.4090  6  6 -0.04286  0.004345 0.03385
31403.784 3183.4090  6  5  0.02149 -0.002178 0.16927
31403.784 3183.4090  5  6 -0.10106  0.010245 0.00260
31403.784 3183.4090  5  5 -0.03671  0.003722 0.05320
31403.784 3183.4090  5  4  0.01687 -0.001710 0.11607
31403.784 3183.4090  4  5 -0.08521  0.008638 0.00670
31403.784 3183.4090  4  4 -0.03163  0.003207 0.06027
31403.784 3183.4090  4  3  0.01120 -0.001136 0.07366
31403.784 3183.4090  3  4 -0.07043  0.007140 0.01116
31403.784 3183.4090  3  3 -0.02760  0.002798 0.05729
31403.784 3183.4090  3  2  0.00451 -0.000457 0.04092
31403.784 3183.4090  2  3 -0.05670  0.005748 0.01488
31403.784 3183.4090  2  2 -0.02459  0.002493 0.04650
31403.784 3183.4090  2  1 -0.00319  0.000324 0.01674
31403.784 3183.4090  1  2 -0.04399  0.004459 0.01674
31403.784 3183.4090  1  1 -0.02259  0.002290 0.03013
31403.784 3183.4090  0  1 -0.03229  0.003274 0.01563
31398.348 3183.9601  8  7 -0.01862  0.001888 0.21250
31398.348 3183.9601  7  7 -0.06102  0.006187 0.02083
31398.348 3183.9601  7  6 -0.00263  0.000267 0.16667
31398.348 3183.9601  6  7 -0.09812  0.009950 0.00104
31398.348 3183.9601  6  6 -0.03973  0.004029 0.03385
31398.348 3183.9601  6  5  0.01027 -0.001042 0.12760
31398.348 3183.9601  5  6 -0.07153  0.007254 0.00260
31398.348 3183.9601  5  5 -0.02153  0.002183 0.04010
31398.348 3183.9601  5  4  0.02011 -0.002039 0.09479
31398.348 3183.9601  4  5 -0.04803  0.004871 0.00417
31398.348 3183.9601  4  4 -0.00639  0.000648 0.04062
31398.348 3183.9601  4  3  0.02689 -0.002727 0.06771
31398.348 3183.9601  3  4 -0.02759  0.002798 0.00521
31398.348 3183.9601  3  3  0.00569 -0.000577 0.03646
31398.348 3183.9601  3  2  0.03065 -0.003108 0.04583
31398.348 3183.9601  2  3 -0.01021  0.001035 0.00521
31398.348 3183.9601  2  2  0.01475 -0.001495 0.02865
31398.348 3183.9601  2  1  0.03138 -0.003182 0.02865
31398.348 3183.9601  1  2  0.00415 -0.000420 0.00365
31398.348 3183.9601  1  1  0.02078 -0.002107 0.01823
31398.348 3183.9601  1  0  0.02909 -0.002950 0.01563
31397.822 3184.0135  6  5  0.07776 -0.007886 0.27083
31397.822 3184.0135  5  5 -0.04284  0.004344 0.06417
31397.822 3184.0135  5  4  0.05067 -0.005139 0.16500
31397.822 3184.0135  4  5 -0.14334  0.014536 0.00875
31397.822 3184.0135  4  4 -0.04983  0.005053 0.09281
31397.822 3184.0135  4  3  0.02485 -0.002521 0.08594
31397.822 3184.0135  3  4 -0.13023  0.013207 0.02344
31397.822 3184.0135  3  3 -0.05555  0.005633 0.09115
31397.822 3184.0135  3  2  0.00040 -0.000040 0.03125
31397.822 3184.0135  2  3 -0.11585  0.011748 0.04167
31397.822 3184.0135  2  2 -0.05990  0.006075 0.06250
31397.822 3184.0135  1  2 -0.10010  0.010152 0.06250
31384.176 3185.3980  9  8 -0.06742  0.006843 0.19792
31384.176 3185.3980  8  8 -0.09172  0.009309 0.01409
31384.176 3185.3980  8  7 -0.03101  0.003147 0.16300
31384.176 3185.3980  7  8 -0.11332  0.011502 0.00050
31384.176 3185.3980  7  7 -0.05261  0.005340 0.02329
31384.176 3185.3980  7  6  0.00046 -0.000047 0.13247
31384.176 3185.3980  6  7 -0.07151  0.007258 0.00122
31384.176 3185.3980  6  6 -0.01844  0.001872 0.02814
31384.176 3185.3980  6  5  0.02701 -0.002741 0.10606
31384.176 3185.3980  5  6 -0.03464  0.003516 0.00189
31384.176 3185.3980  5  5  0.01081 -0.001097 0.02917
31384.176 3185.3980  5  4  0.04865 -0.004938 0.08352
31384.176 3185.3980  4  5 -0.00269  0.000274 0.00227
31384.176 3185.3980  4  4  0.03515 -0.003568 0.02685
31384.176 3185.3980  4  3  0.06540 -0.006638 0.06463
31384.176 3185.3980  3  4  0.02435 -0.002471 0.00213
31384.176 3185.3980  3  3  0.05460 -0.005542 0.02154
31384.176 3185.3980  3  2  0.07728 -0.007844 0.04924
31384.176 3185.3980  2  3  0.04650 -0.004720 0.00133
31384.176 3185.3980  2  2  0.06918 -0.007022 0.01326
31384.176 3185.3980  2  1  0.08430 -0.008556 0.03750
29399.937 3400.3920  7  7  0.12425 -0.014371 0.20833
29399.937 3400.3920  7  6  0.08685 -0.010045 0.02604
29399.937 3400.3920  6  7  0.09065 -0.010485 0.02604
29399.937 3400.3920  6  6  0.05325 -0.006159 0.13542
29399.937 3400.3920  6  5  0.02119 -0.002451 0.04167
29399.937 3400.3920  5  6  0.02445 -0.002828 0.04167
29399.937 3400.3920  5  5 -0.00761  0.000880 0.08185
29399.937 3400.3920  5  4 -0.03432  0.003970 0.04836
29399.937 3400.3920  4  5 -0.03161  0.003656 0.04836
29399.937 3400.3920  4  4 -0.05832  0.006746 0.04464
29399.937 3400.3920  4  3 -0.07969  0.009217 0.04762
29399.937 3400.3920  3  4 -0.07752  0.008966 0.04762
29399.937 3400.3920  3  3 -0.09889  0.011438 0.02083
29399.937 3400.3920  3  2 -0.11492  0.013292 0.04092
29399.937 3400.3920  2  3 -0.11329  0.013104 0.04092
29399.937 3400.3920  2  2 -0.12932  0.014958 0.00744
29399.937 3400.3920  2  1 -0.14001  0.016194 0.02976
29399.937 3400.3920  1  2 -0.13892  0.016068 0.02976
29399.937 3400.3920  1  1 -0.14961  0.017304 0.00149
29399.937 3400.3920  1  0 -0.15495  0.017922 0.01563
29399.937 3400.3920  0  1 -0.15441  0.017859 0.01563
28291.058 3533.6758  7  6  0.02587 -0.003231 0.23437
28291.058 3533.6758  6  6 -0.00773  0.000966 0.03385
28291.058 3533.6758  6  5  0.01485 -0.001855 0.16927
28291.058 3533.6758  5  6 -0.03653  0.004563 0.00260
28291.058 3533.6758  5  5 -0.01395  0.001743 0.05320
28291.058 3533.6758  5  4  0.00487 -0.000608 0.11607
28291.058 3533.6758  4  5 -0.03795  0.004740 0.00670
28291.058 3533.6758  4  4 -0.01913  0.002390 0.06027
28291.058 3533.6758  4  3 -0.00408  0.000509 0.07366
28291.058 3533.6758  3  4 -0.03833  0.004788 0.01116
28291.058 3533.6758  3  3 -0.02328  0.002907 0.05729
28291.058 3533.6758  3  2 -0.01199  0.001497 0.04092
28291.058 3533.6758  2  3 -0.03768  0.004706 0.01488
28291.058 3533.6758  2  2 -0.02639  0.003296 0.04650
28291.058 3533.6758  2  1 -0.01886  0.002356 0.01674
28291.058 3533.6758  1  2 -0.03599  0.004495 0.01674
28291.058 3533.6758  1  1 -0.02846  0.003555 0.03013
28291.058 3533.6758  0  1 -0.03326  0.004154 0.01563
28290.430 3533.7542  5  4  0.05792 -0.007235 0.34375
28290.430 3533.7542  4  4  0.02242 -0.002801 0.16406
28290.430 3533.7542  4  3 -0.02477  0.003095 0.11719
28290.430 3533.7542  3  4 -0.00598  0.000747 0.05469
28290.430 3533.7542  3  3 -0.05317  0.006642 0.16406
28290.430 3533.7542  2  3 -0.07447  0.009303 0.15625
27106.750 3688.0682  7  7  0.02994 -0.004074 0.20833
27106.750 3688.0682  7  6  0.11925 -0.016226 0.02604
27106.750 3688.0682  6  7 -0.07646  0.010403 0.02604
27106.750 3688.0682  6  6  0.01285 -0.001749 0.13542
27106.750 3688.0682  6  5  0.08939 -0.012162 0.04167
27106.750 3688.0682  5  6 -0.07835  0.010660 0.04167
27106.750 3688.0682  5  5 -0.00181  0.000247 0.08185
27106.750 3688.0682  5  4  0.06195 -0.008429 0.04836
27106.750 3688.0682  4  5 -0.07781  0.010587 0.04836
27106.750 3688.0682  4  4 -0.01405  0.001911 0.04464
27106.750 3688.0682  4  3  0.03695 -0.005028 0.04762
27106.750 3688.0682  3  4 -0.07485  0.010184 0.04762
27106.750 3688.0682  3  3 -0.02385  0.003245 0.02083
27106.750 3688.0682  3  2  0.01440 -0.001959 0.04092
27106.750 3688.0682  2  3 -0.06945  0.009449 0.04092
27106.750 3688.0682  2  2 -0.03120  0.004245 0.00744
27106.750 3688.0682  2  1 -0.00571  0.000776 0.02976
27106.750 3688.0682  1  2 -0.06160  0.008381 0.02976
27106.750 3688.0682  1  1 -0.03611  0.004913 0.00149
27106.750 3688.0682  1  0 -0.02336  0.003178 0.01563
27106.750 3688.0682  0  1 -0.05131  0.006981 0.01563
27090.508 3690.2794  5  4  0.05063 -0.006897 0.34375
27090.508 3690.2794  4  4 -0.03937  0.005363 0.16406
27090.508 3690.2794  4  3  0.06090 -0.008296 0.11719
27090.508 3690.2794  3  4 -0.11137  0.015171 0.05469
27090.508 3690.2794  3  3 -0.01110  0.001512 0.16406
27090.508 3690.2794  2  3 -0.06510  0.008868 0.15625
27076.274 3692.2194  6  6  0.00478 -0.000651 0.22569
27076.274 3692.2194  6  5  0.07944 -0.010833 0.04514
27076.274 3692.2194  5  6 -0.07322  0.009985 0.04514
27076.274 3692.2194  5  5  0.00144 -0.000196 0.11546
27076.274 3692.2194  5  4  0.06373 -0.008690 0.06857
27076.274 3692.2194  4  5 -0.06356  0.008668 0.06857
27076.274 3692.2194  4  4 -0.00127  0.000173 0.04527
27076.274 3692.2194  4  3  0.04861 -0.006628 0.07366
27076.274 3692.2194  3  4 -0.05327  0.007264 0.07366
27076.274 3692.2194  3  3 -0.00339  0.000463 0.00868
27076.274 3692.2194  3  2  0.03404 -0.004642 0.06349
27076.274 3692.2194  2  3 -0.04239  0.005781 0.06349
27076.274 3692.2194  2  2 -0.00496  0.000676 0.00050
27076.274 3692.2194  2  1  0.02001 -0.002729 0.04018
27076.274 3692.2194  1  2 -0.03096  0.004221 0.04018
27076.274 3692.2194  1  1 -0.00599  0.000816 0.02232
27049.569 3695.8647  5  5  0.02354 -0.003216 0.24750
27049.569 3695.8647  5  4  0.09099 -0.012433 0.09625
27049.569 3695.8647  4  5 -0.06646  0.009081 0.09625
27049.569 3695.8647  4  4  0.00099 -0.000136 0.06000
27049.569 3695.8647  4  3  0.05519 -0.007541 0.12500
27049.569 3695.8647  3  4 -0.07101  0.009702 0.12500
27049.569 3695.8647  3  3 -0.01681  0.002297 0.00000
27049.569 3695.8647  3  2  0.02397 -0.003275 0.09375
27049.569 3695.8647  2  3 -0.07081  0.009676 0.09375
27049.569 3695.8647  2  2 -0.03003  0.004103 0.06250
26739.330 3738.7465  6  5 -0.13489  0.018861 0.27083
26739.330 3738.7465  5  5 -0.13918  0.019462 0.06417
26739.330 3738.7465  5  4 -0.00475  0.000665 0.16500
26739.330 3738.7465  4  5 -0.14276  0.019962 0.00875
26739.330 3738.7465  4  4 -0.00833  0.001165 0.09281
26739.330 3738.7465  4  3  0.09921 -0.013872 0.08594
26739.330 3738.7465  3  4 -0.01120  0.001566 0.02344
26739.330 3738.7465  3  3  0.09635 -0.013472 0.09115
26739.330 3738.7465  3  2  0.17701 -0.024750 0.03125
26739.330 3738.7465  2  3  0.09420 -0.013172 0.04167
26739.330 3738.7465  2  2  0.17486 -0.024450 0.06250
26739.330 3738.7465  1  2  0.17343 -0.024250 0.06250
26249.476 3808.5188  5  5 -0.07338  0.010648 0.24750
26249.476 3808.5188  5  4  0.02012 -0.002920 0.09625
26249.476 3808.5188  4  5 -0.09693  0.014065 0.09625
26249.476 3808.5188  4  4 -0.00343  0.000497 0.06000
26249.476 3808.5188  4  3  0.07126 -0.010339 0.12500
26249.476 3808.5188  3  4 -0.02227  0.003231 0.12500
26249.476 3808.5188  3  3  0.05242 -0.007605 0.00000
26249.476 3808.5188  3  2  0.10836 -0.015722 0.09375
26249.476 3808.5188  2  3  0.03829 -0.005555 0.09375
26249.476 3808.5188  2  2  0.09423 -0.013672 0.06250
26029.202 3840.7494  6  7 -0.09763  0.014406 0.23437
26029.202 3840.7494  6  6 -0.03924  0.005791 0.03385
26029.202 3840.7494  6  5  0.01076 -0.001587 0.00260
26029.202 3840.7494  5  6 -0.04230  0.006242 0.16927
26029.202 3840.7494  5  5  0.00770 -0.001136 0.05320
26029.202 3840.7494  5  4  0.04933 -0.007279 0.00670
26029.202 3840.7494  4  5  0.00515 -0.000760 0.11607
26029.202 3840.7494  4  4  0.04678 -0.006903 0.06027
26029.202 3840.7494  4  3  0.08007 -0.011815 0.01116
26029.202 3840.7494  3  4  0.04474 -0.006602 0.07366
26029.202 3840.7494  3  3  0.07803 -0.011514 0.05729
26029.202 3840.7494  3  2  0.10298 -0.015196 0.01488
26029.202 3840.7494  2  3  0.07650 -0.011288 0.04092
26029.202 3840.7494  2  2  0.10145 -0.014970 0.04650
26029.202 3840.7494  2  1  0.11808 -0.017424 0.01674
26029.202 3840.7494  1  2  0.10043 -0.014820 0.01674
26029.202 3840.7494  1  1  0.11706 -0.017274 0.03013
26029.202 3840.7494  1  0  0.12538 -0.018500 0.01563
25866.851 3864.8561  6  6 -0.03078  0.004600 0.22569
25866.851 3864.8561  6  5  0.03356 -0.005015 0.04514
25866.851 3864.8561  5  6 -0.07398  0.011055 0.04514
25866.851 3864.8561  5  5 -0.00964  0.001440 0.11546
25866.851 3864.8561  5  4  0.04394 -0.006566 0.06857
25866.851 3864.8561  4  5 -0.04564  0.006819 0.06857
25866.851 3864.8561  4  4  0.00794 -0.001187 0.04527
25866.851 3864.8561  4  3  0.05078 -0.007587 0.07366
25866.851 3864.8561  3  4 -0.02086  0.003116 0.07366
25866.851 3864.8561  3  3  0.02198 -0.003284 0.00868
25866.851 3864.8561  3  2  0.05409 -0.008081 0.06349
25866.851 3864.8561  2  3  0.00038 -0.000056 0.06349
25866.851 3864.8561  2  2  0.03249 -0.004854 0.00050
25866.851 3864.8561  2  1  0.05388 -0.008051 0.04018
25866.851 3864.8561  1  2  0.01809 -0.002702 0.04018
25866.851 3864.8561  1  1  0.03948 -0.005899 0.02232
24678.574 4050.9537  8  8 -0.06966  0.011434 0.19560
24678.574 4050.9537  8  7  0.03676 -0.006035 0.01690
24678.574 4050.9537  7  8 -0.14070  0.023096 0.01690
24678.574 4050.9537  7  7 -0.03428  0.005626 0.14289
24678.574 4050.9537  7  6  0.05884 -0.009659 0.02771
24678.574 4050.9537  6  7 -0.09644  0.015830 0.02771
24678.574 4050.9537  6  6 -0.00332  0.000544 0.10165
24678.574 4050.9537  6  5  0.07650 -0.012557 0.03314
24678.574 4050.9537  5  6 -0.05660  0.009291 0.03314
24678.574 4050.9537  5  5  0.02322 -0.003811 0.07042
24678.574 4050.9537  5  4  0.08973 -0.014730 0.03394
24678.574 4050.9537  4  5 -0.02118  0.003477 0.03394
24678.574 4050.9537  4  4  0.04533 -0.007441 0.04778
24678.574 4050.9537  4  3  0.09854 -0.016176 0.03078
24678.574 4050.9537  3  4  0.00981 -0.001611 0.03078
24678.574 4050.9537  3  3  0.06302 -0.010345 0.03248
24678.574 4050.9537  3  2  0.10293 -0.016896 0.02424
24678.574 4050.9537  2  3  0.03638 -0.005972 0.02424
24678.574 4050.9537  2  2  0.07629 -0.012523 0.02367
24678.574 4050.9537  2  1  0.10290 -0.016890 0.01458
24678.574 4050.9537  1  2  0.05853 -0.009608 0.01458
24678.574 4050.9537  1  1  0.08514 -0.013975 0.02292
24641.410 4057.0634  7  7 -0.00033  0.000054 0.20833
24641.410 4057.0634  7  6  0.06412 -0.010557 0.02604
24641.410 4057.0634  6  7 -0.06459  0.010634 0.02604
24641.410 4057.0634  6  6 -0.00014  0.000023 0.13542
24641.410 4057.0634  6  5  0.05510 -0.009072 0.04167
24641.410 4057.0634  5  6 -0.05522  0.009092 0.04167
24641.410 4057.0634  5  5  0.00002 -0.000003 0.08185
24641.410 4057.0634  5  4  0.04605 -0.007582 0.04836
24641.410 4057.0634  4  5 -0.04588  0.007554 0.04836
24641.410 4057.0634  4  4  0.00015 -0.000025 0.04464
24641.410 4057.0634  4  3  0.03698 -0.006089 0.04762
24641.410 4057.0634  3  4 -0.03657  0.006021 0.04762
24641.410 4057.0634  3  3  0.00026 -0.000043 0.02083
24641.410 4057.0634  3  2  0.02788 -0.004590 0.04092
24641.410 4057.0634  2  3 -0.02728  0.004492 0.04092
24641.410 4057.0634  2  2  0.00034 -0.000056 0.00744
24641.410 4057.0634  2  1  0.01875 -0.003087 0.02976
24641.410 4057.0634  1  2 -0.01802  0.002967 0.02976
24641.410 4057.0634  1  1  0.00039 -0.000065 0.00149
24641.410 4057.0634  1  0  0.00960 -0.001580 0.01563
24641.410 4057.0634  0  1 -0.00879  0.001447 0.01563
24384.651 4099.7833  7  6 -0.08570  0.014409 0.23437
24384.651 4099.7833  6  6 -0.09900  0.016645 0.03385
24384.651 4099.7833  6  5 -0.02434  0.004092 0.16927
24384.651 4099.7833  5  6 -0.11040  0.018562 0.00260
24384.651 4099.7833  5  5 -0.03574  0.006008 0.05320
24384.651 4099.7833  5  4  0.02655 -0.004465 0.11607
24384.651 4099.7833  4  5 -0.04524  0.007606 0.00670
24384.651 4099.7833  4  4  0.01705 -0.002867 0.06027
24384.651 4099.7833  4  3  0.06693 -0.011253 0.07366
24384.651 4099.7833  3  4  0.00945 -0.001589 0.01116
24384.651 4099.7833  3  3  0.05933 -0.009976 0.05729
24384.651 4099.7833  3  2  0.09677 -0.016270 0.04092
24384.651 4099.7833  2  3  0.05363 -0.009017 0.01488
24384.651 4099.7833  2  2  0.09107 -0.015312 0.04650
24384.651 4099.7833  2  1  0.11604 -0.019510 0.01674
24384.651 4099.7833  1  2  0.08727 -0.014673 0.01674
24384.651 4099.7833  1  1  0.11224 -0.018871 0.03013
24384.651 4099.7833  0  1  0.11034 -0.018552 0.01563
24352.732 4105.1570  6  5 -0.06659  0.011225 0.27083
24352.732 4105.1570  5  5 -0.06959  0.011731 0.06417
24352.732 4105.1570  5  4 -0.00213  0.000360 0.16500
24352.732 4105.1570  4  5 -0.07209  0.012152 0.00875
24352.732 4105.1570  4  4 -0.00463  0.000781 0.09281
24352.732 4105.1570  4  3  0.04956 -0.008355 0.08594
24352.732 4105.1570  3  4 -0.00663  0.001118 0.02344
24352.732 4105.1570  3  3  0.04756 -0.008018 0.09115
24352.732 4105.1570  3  2  0.08834 -0.014893 0.03125
24352.732 4105.1570  2  3  0.04606 -0.007765 0.04167
24352.732 4105.1570  2  2  0.08684 -0.014640 0.06250
24352.732 4105.1570  1  2  0.08584 -0.014471 0.06250
24313.514 4111.7788  8  8 -0.16504  0.027911 0.19560
24313.514 4111.7788  8  7 -0.05629  0.009519 0.01690
24313.514 4111.7788  7  8 -0.18984  0.032106 0.01690
24313.514 4111.7788  7  7 -0.08109  0.013714 0.14289
24313.514 4111.7788  7  6  0.01397 -0.002362 0.02771
24313.514 4111.7788  6  7 -0.10279  0.017383 0.02771
24313.514 4111.7788  6  6 -0.00773  0.001307 0.10165
24313.514 4111.7788  6  5  0.07367 -0.012459 0.03314
24313.514 4111.7788  5  6 -0.02633  0.004453 0.03314
24313.514 4111.7788  5  5  0.05507 -0.009314 0.07042
24313.514 4111.7788  5  4  0.12286 -0.020777 0.03394
24313.514 4111.7788  4  5  0.03957 -0.006692 0.03394
24313.514 4111.7788  4  4  0.10736 -0.018156 0.04778
24313.514 4111.7788  4  3  0.16155 -0.027321 0.03078
24313.514 4111.7788  3  4  0.09496 -0.016059 0.03078
24313.514 4111.7788  3  3  0.14915 -0.025224 0.03248
24313.514 4111.7788  3  2  0.18978 -0.032094 0.02424
24313.514 4111.7788  2  3  0.13985 -0.023651 0.02424
24313.514 4111.7788  2  2  0.18048 -0.030522 0.02367
24313.514 4111.7788  2  1  0.20755 -0.035100 0.01458
24313.514 4111.7788  1  2  0.17428 -0.029473 0.01458
24313.514 4111.7788  1  1  0.20135 -0.034052 0.02292
24293.438 4115.1768  7  7 -0.13299  0.022528 0.20833
24293.438 4115.1768  7  6 -0.04367  0.007398 0.02604
24293.438 4115.1768  6  7 -0.14629  0.024781 0.02604
24293.438 4115.1768  6  6 -0.05697  0.009651 0.13542
24293.438 4115.1768  6  5  0.01956 -0.003314 0.04167
24293.438 4115.1768  5  6 -0.06837  0.011582 0.04167
24293.438 4115.1768  5  5  0.00816 -0.001383 0.08185
24293.438 4115.1768  5  4  0.07193 -0.012184 0.04836
24293.438 4115.1768  4  5 -0.00134  0.000227 0.04836
24293.438 4115.1768  4  4  0.06243 -0.010575 0.04464
24293.438 4115.1768  4  3  0.11343 -0.019214 0.04762
24293.438 4115.1768  3  4  0.05483 -0.009287 0.04762
24293.438 4115.1768  3  3  0.10583 -0.017927 0.02083
24293.438 4115.1768  3  2  0.14407 -0.024406 0.04092
24293.438 4115.1768  2  3  0.10013 -0.016961 0.04092
24293.438 4115.1768  2  2  0.13837 -0.023440 0.00744
24293.438 4115.1768  2  1  0.16387 -0.027759 0.02976
24293.438 4115.1768  1  2  0.13457 -0.022797 0.02976
24293.438 4115.1768  1  1  0.16007 -0.027115 0.00149
24293.438 4115.1768  1  0  0.17282 -0.029274 0.01563
24293.438 4115.1768  0  1  0.15817 -0.026793 0.01563
24285.797 4116.4716  6  6 -0.10460  0.017730 0.22569
24285.797 4116.4716  6  5 -0.02994  0.005074 0.04514
24285.797 4116.4716  5  6 -0.10760  0.018238 0.04514
24285.797 4116.4716  5  5 -0.03294  0.005583 0.11546
24285.797 4116.4716  5  4  0.02935 -0.004976 0.06857
24285.797 4116.4716  4  5 -0.03544  0.006007 0.06857
24285.797 4116.4716  4  4  0.02685 -0.004552 0.04527
24285.797 4116.4716  4  3  0.07673 -0.013006 0.07366
24285.797 4116.4716  3  4  0.02485 -0.004213 0.07366
24285.797 4116.4716  3  3  0.07473 -0.012667 0.00868
24285.797 4116.4716  3  2  0.11217 -0.019013 0.06349
24285.797 4116.4716  2  3  0.07323 -0.012413 0.06349
24285.797 4116.4716  2  2  0.11067 -0.018759 0.00050
24285.797 4116.4716  2  1  0.13564 -0.022991 0.04018
24285.797 4116.4716  1  2  0.10967 -0.018589 0.04018
24285.797 4116.4716  1  1  0.13464 -0.022822 0.02232
23901.938 4182.5824  7  6 -0.03756  0.006572 0.23437
23901.938 4182.5824  6  6 -0.07837  0.013713 0.03385
23901.938 4182.5824  6  5 -0.00370  0.000648 0.16927
23901.938 4182.5824  5  6 -0.11335  0.019835 0.00260
23901.938 4182.5824  5  5 -0.03868  0.006769 0.05320
23901.938 4182.5824  5  4  0.02361 -0.004131 0.11607
23901.938 4182.5824  4  5 -0.06783  0.011870 0.00670
23901.938 4182.5824  4  4 -0.00554  0.000970 0.06027
23901.938 4182.5824  4  3  0.04433 -0.007758 0.07366
23901.938 4182.5824  3  4 -0.02886  0.005051 0.01116
23901.938 4182.5824  3  3  0.02101 -0.003677 0.05729
23901.938 4182.5824  3  2  0.05845 -0.010228 0.04092
23901.938 4182.5824  2  3  0.00352 -0.000617 0.01488
23901.938 4182.5824  2  2  0.04096 -0.007168 0.04650
23901.938 4182.5824  2  1  0.06593 -0.011537 0.01674
23901.938 4182.5824  1  2  0.02930 -0.005127 0.01674
23901.938 4182.5824  1  1  0.05427 -0.009497 0.03013
23901.938 4182.5824  0  1  0.04844 -0.008477 0.01563
23620.290 4232.4564  8  8 -0.11909  0.021340 0.19560
23620.290 4232.4564  8  7  0.01740 -0.003118 0.01690
23620.290 4232.4564  7  8 -0.19509  0.034959 0.01690
23620.290 4232.4564  7  7 -0.05860  0.010501 0.14289
23620.290 4232.4564  7  6  0.06083 -0.010900 0.02771
23620.290 4232.4564  6  7 -0.12510  0.022417 0.02771
23620.290 4232.4564  6  6 -0.00567  0.001016 0.10165
23620.290 4232.4564  6  5  0.09670 -0.017327 0.03314
23620.290 4232.4564  5  6 -0.06267  0.011230 0.03314
23620.290 4232.4564  5  5  0.03970 -0.007113 0.07042
23620.290 4232.4564  5  4  0.12500 -0.022399 0.03394
23620.290 4232.4564  4  5 -0.00780  0.001398 0.03394
23620.290 4232.4564  4  4  0.07750 -0.013888 0.04778
23620.290 4232.4564  4  3  0.14575 -0.026117 0.03078
23620.290 4232.4564  3  4  0.03950 -0.007079 0.03078
23620.290 4232.4564  3  3  0.10775 -0.019308 0.03248
23620.290 4232.4564  3  2  0.15893 -0.028479 0.02424
23620.290 4232.4564  2  3  0.07925 -0.014201 0.02424
23620.290 4232.4564  2  2  0.13043 -0.023372 0.02367
23620.290 4232.4564  2  1  0.16456 -0.029487 0.01458
23620.290 4232.4564  1  2  0.11143 -0.019968 0.01458
23620.290 4232.4564  1  1  0.14556 -0.026082 0.02292
22828.648 4379.2304  9  8 -0.17536  0.033641 0.19792
22828.648 4379.2304  8  8 -0.19336  0.037094 0.01409
22828.648 4379.2304  8  7 -0.08461  0.016232 0.16300
22828.648 4379.2304  7  8 -0.20936  0.040164 0.00050
22828.648 4379.2304  7  7 -0.10061  0.019301 0.02329
22828.648 4379.2304  7  6 -0.00556  0.001066 0.13247
22828.648 4379.2304  6  7 -0.11461  0.021987 0.00122
22828.648 4379.2304  6  6 -0.01956  0.003752 0.02814
22828.648 4379.2304  6  5  0.06185 -0.011864 0.10606
22828.648 4379.2304  5  6 -0.03156  0.006054 0.00189
22828.648 4379.2304  5  5  0.04985 -0.009562 0.02917
22828.648 4379.2304  5  4  0.11763 -0.022566 0.08352
22828.648 4379.2304  4  5  0.03985 -0.007644 0.00227
22828.648 4379.2304  4  4  0.10763 -0.020647 0.02685
22828.648 4379.2304  4  3  0.16183 -0.031043 0.06463
22828.648 4379.2304  3  4  0.09963 -0.019113 0.00213
22828.648 4379.2304  3  3  0.15383 -0.029509 0.02154
22828.648 4379.2304  3  2  0.19445 -0.037302 0.04924
22828.648 4379.2304  2  3  0.14783 -0.028358 0.00133
22828.648 4379.2304  2  2  0.18845 -0.036151 0.01326
22828.648 4379.2304  2  1  0.21552 -0.041345 0.03750
22800.104 4384.7130  8  7 -0.12319  0.023690 0.21250
22800.104 4384.7130  7  7 -0.13999  0.026921 0.02083
22800.104 4384.7130  7  6 -0.05067  0.009745 0.16667
22800.104 4384.7130  6  7 -0.15469  0.029748 0.00104
22800.104 4384.7130  6  6 -0.06537  0.012572 0.03385
22800.104 4384.7130  6  5  0.01116 -0.002147 0.12760
22800.104 4384.7130  5  6 -0.07797  0.014995 0.00260
22800.104 4384.7130  5  5 -0.00144  0.000277 0.04010
22800.104 4384.7130  5  4  0.06233 -0.011986 0.09479
22800.104 4384.7130  4  5 -0.01194  0.002296 0.00417
22800.104 4384.7130  4  4  0.05183 -0.009967 0.04062
22800.104 4384.7130  4  3  0.10283 -0.019775 0.06771
22800.104 4384.7130  3  4  0.04343 -0.008351 0.00521
22800.104 4384.7130  3  3  0.09443 -0.018160 0.03646
22800.104 4384.7130  3  2  0.13267 -0.025515 0.04583
22800.104 4384.7130  2  3  0.08813 -0.016948 0.00521
22800.104 4384.7130  2  2  0.12637 -0.024304 0.02865
22800.104 4384.7130  2  1  0.15187 -0.029206 0.02865
22800.104 4384.7130  1  2  0.12217 -0.023496 0.00365
22800.104 4384.7130  1  1  0.14767 -0.028399 0.01823
22800.104 4384.7130  1  0  0.16042 -0.030850 0.01563
22745.583 4395.2233  6  5 -0.04209  0.008133 0.27083
22745.583 4395.2233  5  5 -0.06189  0.011959 0.06417
22745.583 4395.2233  5  4  0.00557 -0.001076 0.16500
22745.583 4395.2233  4  5 -0.07839  0.015148 0.00875
22745.583 4395.2233  4  4 -0.01093  0.002113 0.09281
22745.583 4395.2233  4  3  0.04326 -0.008360 0.08594
22745.583 4395.2233  3  4 -0.02413  0.004663 0.02344
22745.583 4395.2233  3  3  0.03006 -0.005809 0.09115
22745.583 4395.2233  3  2  0.07084 -0.013690 0.03125
22745.583 4395.2233  2  3  0.02016 -0.003896 0.04167
22745.583 4395.2233  2  2  0.06094 -0.011777 0.06250
22745.583 4395.2233  1  2  0.05434 -0.010501 0.06250
22686.664 4406.6382  8  8 -0.18079  0.035117 0.19560
22686.664 4406.6382  8  7 -0.07204  0.013993 0.01690
22686.664 4406.6382  7  8 -0.19759  0.038381 0.01690
22686.664 4406.6382  7  7 -0.08884  0.017256 0.14289
22686.664 4406.6382  7  6  0.00622 -0.001208 0.02771
22686.664 4406.6382  6  7 -0.10354  0.020112 0.02771
22686.664 4406.6382  6  6 -0.00848  0.001647 0.10165
22686.664 4406.6382  6  5  0.07292 -0.014165 0.03314
22686.664 4406.6382  5  6 -0.02108  0.004095 0.03314
22686.664 4406.6382  5  5  0.06032 -0.011717 0.07042
22686.664 4406.6382  5  4  0.12811 -0.024884 0.03394
22686.664 4406.6382  4  5  0.04982 -0.009678 0.03394
22686.664 4406.6382  4  4  0.11761 -0.022844 0.04778
22686.664 4406.6382  4  3  0.17180 -0.033371 0.03078
22686.664 4406.6382  3  4  0.10921 -0.021213 0.03078
22686.664 4406.6382  3  3  0.16340 -0.031739 0.03248
22686.664 4406.6382  3  2  0.20403 -0.039630 0.02424
22686.664 4406.6382  2  3  0.15710 -0.030515 0.02424
22686.664 4406.6382  2  2  0.19773 -0.038406 0.02367
22686.664 4406.6382  2  1  0.22480 -0.043665 0.01458
22686.664 4406.6382  1  2  0.19353 -0.037591 0.01458
22686.664 4406.6382  1  1  0.22060 -0.042849 0.02292
22678.648 4408.1958  6  6 -0.08010  0.015569 0.22569
22678.648 4408.1958  6  5 -0.00544  0.001057 0.04514
22678.648 4408.1958  5  6 -0.09990  0.019418 0.04514
22678.648 4408.1958  5  5 -0.02524  0.004905 0.11546
22678.648 4408.1958  5  4  0.03705 -0.007202 0.06857
22678.648 4408.1958  4  5 -0.04174  0.008113 0.06857
22678.648 4408.1958  4  4  0.02055 -0.003995 0.04527
22678.648 4408.1958  4  3  0.07043 -0.013691 0.07366
22678.648 4408.1958  3  4  0.00735 -0.001429 0.07366
22678.648 4408.1958  3  3  0.05723 -0.011125 0.00868
22678.648 4408.1958  3  2  0.09467 -0.018402 0.06349
22678.648 4408.1958  2  3  0.04733 -0.009200 0.06349
22678.648 4408.1958  2  2  0.08477 -0.016477 0.00050
22678.648 4408.1958  2  1  0.10974 -0.021331 0.04018
22678.648 4408.1958  1  2  0.07817 -0.015194 0.04018
22678.648 4408.1958  1  1  0.10314 -0.020048 0.02232
22618.422 4419.9337  7  6 -0.06551  0.012802 0.23437
22618.422 4419.9337  6  6 -0.09035  0.017655 0.03385
22618.422 4419.9337  6  5 -0.01568  0.003065 0.16927
22618.422 4419.9337  5  6 -0.11163  0.021815 0.00260
22618.422 4419.9337  5  5 -0.03697  0.007225 0.05320
22618.422 4419.9337  5  4  0.02532 -0.004947 0.11607
22618.422 4419.9337  4  5 -0.05471  0.010692 0.00670
22618.422 4419.9337  4  4  0.00758 -0.001481 0.06027
22618.422 4419.9337  4  3  0.05746 -0.011228 0.07366
22618.422 4419.9337  3  4 -0.00661  0.001293 0.01116
22618.422 4419.9337  3  3  0.04326 -0.008454 0.05729
22618.422 4419.9337  3  2  0.08070 -0.015770 0.04092
22618.422 4419.9337  2  3  0.03262 -0.006374 0.01488
22618.422 4419.9337  2  2  0.07006 -0.013690 0.04650
22618.422 4419.9337  2  1  0.09503 -0.018570 0.01674
22618.422 4419.9337  1  2  0.06296 -0.012303 0.01674
22618.422 4419.9337  1  1  0.08793 -0.017183 0.03013
22618.422 4419.9337  0  1  0.08438 -0.016490 0.01563
22535.832 4436.1323  5  4 -0.06140  0.012087 0.34375
22535.832 4436.1323  4  4 -0.04470  0.008800 0.16406
22535.832 4436.1323  4  3  0.05556 -0.010938 0.11719
22535.832 4436.1323  3  4 -0.03134  0.006170 0.05469
22535.832 4436.1323  3  3  0.06892 -0.013568 0.16406
22535.832 4436.1323  2  3  0.07894 -0.015540 0.15625
22527.209 4437.8304  7  7 -0.11280  0.022221 0.20833
22527.209 4437.8304  7  6 -0.02348  0.004626 0.02604
22527.209 4437.8304  6  7 -0.13763  0.027114 0.02604
22527.209 4437.8304  6  6 -0.04832  0.009519 0.13542
22527.209 4437.8304  6  5  0.02821 -0.005558 0.04167
22527.209 4437.8304  5  6 -0.06961  0.013713 0.04167
22527.209 4437.8304  5  5  0.00693 -0.001364 0.08185
22527.209 4437.8304  5  4  0.07069 -0.013926 0.04836
22527.209 4437.8304  4  5 -0.01081  0.002130 0.04836
22527.209 4437.8304  4  4  0.05295 -0.010431 0.04464
22527.209 4437.8304  4  3  0.10395 -0.020479 0.04762
22527.209 4437.8304  3  4  0.03876 -0.007635 0.04762
22527.209 4437.8304  3  3  0.08976 -0.017683 0.02083
22527.209 4437.8304  3  2  0.12801 -0.025217 0.04092
22527.209 4437.8304  2  3  0.07912 -0.015586 0.04092
22527.209 4437.8304  2  2  0.11736 -0.023121 0.00744
22527.209 4437.8304  2  1  0.14286 -0.028143 0.02976
22527.209 4437.8304  1  2  0.11027 -0.021723 0.02976
22527.209 4437.8304  1  1  0.13576 -0.026745 0.00149
22527.209 4437.8304  1  0  0.14851 -0.029256 0.01563
22527.209 4437.8304  0  1  0.13221 -0.026046 0.01563
22494.893 4444.2059  5  5 -0.08850  0.017484 0.24750
22494.893 4444.2059  5  4 -0.02104  0.004157 0.09625
22494.893 4444.2059  4  5 -0.07180  0.014185 0.09625
22494.893 4444.2059  4  4 -0.00434  0.000858 0.06000
22494.893 4444.2059  4  3  0.04985 -0.009849 0.12500
22494.893 4444.2059  3  4  0.00902 -0.001781 0.12500
22494.893 4444.2059  3  3  0.06321 -0.012489 0.00000
22494.893 4444.2059  3  2  0.10399 -0.020546 0.09375
22494.893 4444.2059  2  3  0.07323 -0.014468 0.09375
22494.893 4444.2059  2  2  0.11401 -0.022526 0.06250
22455.486 4452.0051 11 10 -0.17766  0.035225 0.17969
22455.486 4452.0051 10 10 -0.24476  0.048528 0.00766
22455.486 4452.0051 10  9 -0.09629  0.019090 0.15641
22455.486 4452.0051  9 10 -0.30576  0.060623 0.00016
22455.486 4452.0051  9  9 -0.15729  0.031184 0.01286
22455.486 4452.0051  9  8 -0.02365  0.004690 0.13542
22455.486 4452.0051  8  9 -0.21219  0.042069 0.00037
22455.486 4452.0051  8  8 -0.07855  0.015574 0.01581
22455.486 4452.0051  8  7  0.04023 -0.007976 0.11663
22455.486 4452.0051  7  8 -0.12735  0.025250 0.00056
22455.486 4452.0051  7  7 -0.00857  0.001699 0.01666
22455.486 4452.0051  7  6  0.09536 -0.018907 0.09997
22455.486 4452.0051  6  7 -0.05127  0.010165 0.00064
22455.486 4452.0051  6  6  0.05266 -0.010441 0.01555
22455.486 4452.0051  6  5  0.14175 -0.028104 0.08538
22455.486 4452.0051  5  6  0.01606 -0.003185 0.00056
22455.486 4452.0051  5  5  0.10515 -0.020847 0.01252
22455.486 4452.0051  5  4  0.17939 -0.035566 0.07286
22455.486 4452.0051  4  5  0.07465 -0.014801 0.00031
22455.486 4452.0051  4  4  0.14889 -0.029519 0.00750
22455.486 4452.0051  4  3  0.20828 -0.041294 0.06250
22344.895 4474.0397  7  8 -0.20992  0.042032 0.21250
22344.895 4474.0397  7  7 -0.07343  0.014702 0.02083
22344.895 4474.0397  7  6  0.04600 -0.009211 0.00104
22344.895 4474.0397  6  7 -0.10703  0.021430 0.16667
22344.895 4474.0397  6  6  0.01240 -0.002484 0.03385
22344.895 4474.0397  6  5  0.11477 -0.022981 0.00260
22344.895 4474.0397  5  6 -0.01640  0.003283 0.12760
22344.895 4474.0397  5  5  0.08597 -0.017214 0.04010
22344.895 4474.0397  5  4  0.17128 -0.034295 0.00417
22344.895 4474.0397  4  5  0.06197 -0.012409 0.09479
22344.895 4474.0397  4  4  0.14728 -0.029489 0.04062
22344.895 4474.0397  4  3  0.21552 -0.043154 0.00521
22344.895 4474.0397  3  4  0.12808 -0.025645 0.06771
22344.895 4474.0397  3  3  0.19632 -0.039310 0.03646
22344.895 4474.0397  3  2  0.24751 -0.049558 0.00521
22344.895 4474.0397  2  3  0.18192 -0.036426 0.04583
22344.895 4474.0397  2  2  0.23311 -0.046675 0.02865
22344.895 4474.0397  2  1  0.26723 -0.053507 0.00365
22344.895 4474.0397  1  2  0.22351 -0.044753 0.02865
22344.895 4474.0397  1  1  0.25763 -0.051585 0.01823
22344.895 4474.0397  0  1  0.25283 -0.050624 0.01563
21841.421 4577.1740  6  5 -0.05915  0.012396 0.27083
21841.421 4577.1740  5  5 -0.08587  0.017995 0.06417
21841.421 4577.1740  5  4  0.00764 -0.001601 0.16500
21841.421 4577.1740  4  5 -0.10813  0.022661 0.00875
21841.421 4577.1740  4  4 -0.01462  0.003065 0.09281
21841.421 4577.1740  4  3  0.06006 -0.012587 0.08594
21841.421 4577.1740  3  4 -0.03244  0.006797 0.02344
21841.421 4577.1740  3  3  0.04225 -0.008854 0.09115
21841.421 4577.1740  3  2  0.09819 -0.020577 0.03125
21841.421 4577.1740  2  3  0.02889 -0.006054 0.04167
21841.421 4577.1740  2  2  0.08483 -0.017778 0.06250
21841.421 4577.1740  1  2  0.07593 -0.015911 0.06250
21797.647 4586.3660  8  7  0.11236 -0.023642 0.21250
21797.647 4586.3660  7  7  0.00343 -0.000723 0.02083
21797.647 4586.3660  7  6  0.06182 -0.013007 0.16667
21797.647 4586.3660  6  7 -0.09188  0.019332 0.00104
21797.647 4586.3660  6  6 -0.03349  0.007047 0.03385
21797.647 4586.3660  6  5  0.01651 -0.003473 0.12760
21797.647 4586.3660  5  6 -0.11519  0.024237 0.00260
21797.647 4586.3660  5  5 -0.06519  0.013716 0.04010
21797.647 4586.3660  5  4 -0.02355  0.004956 0.09479
21797.647 4586.3660  4  5 -0.13327  0.028041 0.00417
21797.647 4586.3660  4  4 -0.09163  0.019281 0.04062
21797.647 4586.3660  4  3 -0.05835  0.012277 0.06771
21797.647 4586.3660  3  4 -0.14610  0.030741 0.00521
21797.647 4586.3660  3  3 -0.11281  0.023737 0.03646
21797.647 4586.3660  3  2 -0.08786  0.018486 0.04583
21797.647 4586.3660  2  3 -0.15366  0.032332 0.00521
21797.647 4586.3660  2  2 -0.12871  0.027081 0.02865
21797.647 4586.3660  2  1 -0.11208  0.023582 0.02865
21797.647 4586.3660  1  2 -0.15594  0.032811 0.00365
21797.647 4586.3660  1  1 -0.13931  0.029312 0.01823
21797.647 4586.3660  1  0 -0.13099  0.027563 0.01563
21760.877 4594.1158  9  8  0.16870 -0.035617 0.19792
21760.877 4594.1158  8  8  0.03401 -0.007180 0.01409
21760.877 4594.1158  8  7  0.09472 -0.019997 0.16300
21760.877 4594.1158  7  8 -0.08572  0.018097 0.00050
21760.877 4594.1158  7  7 -0.02501  0.005280 0.02329
21760.877 4594.1158  7  6  0.02806 -0.005924 0.13247
21760.877 4594.1158  6  7 -0.12977  0.027398 0.00122
21760.877 4594.1158  6  6 -0.07670  0.016194 0.02814
21760.877 4594.1158  6  5 -0.03126  0.006599 0.10606
21760.877 4594.1158  5  6 -0.16650  0.035152 0.00189
21760.877 4594.1158  5  5 -0.12105  0.025557 0.02917
21760.877 4594.1158  5  4 -0.08321  0.017568 0.08352
21760.877 4594.1158  4  5 -0.19588  0.041356 0.00227
21760.877 4594.1158  4  4 -0.15804  0.033366 0.02685
21760.877 4594.1158  4  3 -0.12779  0.026979 0.06463
21760.877 4594.1158  3  4 -0.21791  0.046005 0.00213
21760.877 4594.1158  3  3 -0.18765  0.039617 0.02154
21760.877 4594.1158  3  2 -0.16497  0.034829 0.04924
21760.877 4594.1158  2  3 -0.23255  0.049096 0.00133
21760.877 4594.1158  2  2 -0.20987  0.044308 0.01326
21760.877 4594.1158  2  1 -0.19475  0.041117 0.03750
21640.005 4619.7771  7  7  0.03143 -0.006711 0.20833
21640.005 4619.7771  7  6  0.08982 -0.019175 0.02604
21640.005 4619.7771  6  7 -0.04487  0.009578 0.02604
21640.005 4619.7771  6  6  0.01352 -0.002886 0.13542
21640.005 4619.7771  6  5  0.06352 -0.013561 0.04167
21640.005 4619.7771  5  6 -0.05188  0.011076 0.04167
21640.005 4619.7771  5  5 -0.00188  0.000401 0.08185
21640.005 4619.7771  5  4  0.03976 -0.008487 0.04836
21640.005 4619.7771  4  5 -0.05638  0.012036 0.04836
21640.005 4619.7771  4  4 -0.01474  0.003148 0.04464
21640.005 4619.7771  4  3  0.01854 -0.003959 0.04762
21640.005 4619.7771  3  4 -0.05834  0.012456 0.04762
21640.005 4619.7771  3  3 -0.02506  0.005349 0.02083
21640.005 4619.7771  3  2 -0.00010  0.000022 0.04092
21640.005 4619.7771  2  3 -0.05776  0.012331 0.04092
21640.005 4619.7771  2  2 -0.03280  0.007003 0.00744
21640.005 4619.7771  2  1 -0.01617  0.003453 0.02976
21640.005 4619.7771  1  2 -0.05460  0.011657 0.02976
21640.005 4619.7771  1  1 -0.03797  0.008107 0.00149
21640.005 4619.7771  1  0 -0.02966  0.006332 0.01563
21640.005 4619.7771  0  1 -0.04887  0.010434 0.01563
21618.351 4624.4045  5  5  0.11890 -0.025435 0.24750
21618.351 4624.4045  5  4  0.12016 -0.025704 0.09625
21618.351 4624.4045  4  5  0.00440 -0.000942 0.09625
21618.351 4624.4045  4  4  0.00566 -0.001211 0.06000
21618.351 4624.4045  4  3  0.00667 -0.001427 0.12500
21618.351 4624.4045  3  4 -0.08594  0.018383 0.12500
21618.351 4624.4045  3  3 -0.08493  0.018168 0.00000
21618.351 4624.4045  3  2 -0.08417  0.018006 0.09375
21618.351 4624.4045  2  3 -0.15363  0.032864 0.09375
21618.351 4624.4045  2  2 -0.15287  0.032702 0.06250
21568.124 4635.1738  8  8  0.09506 -0.020429 0.19560
21568.124 4635.1738  8  7  0.15577 -0.033477 0.01690
21568.124 4635.1738  7  8 -0.01387  0.002980 0.01690
21568.124 4635.1738  7  7  0.04684 -0.010067 0.14289
21568.124 4635.1738  7  6  0.09991 -0.021471 0.02771
21568.124 4635.1738  6  7 -0.04847  0.010417 0.02771
21568.124 4635.1738  6  6  0.00460 -0.000988 0.10165
21568.124 4635.1738  6  5  0.05004 -0.010755 0.03314
21568.124 4635.1738  5  6 -0.07710  0.016570 0.03314
21568.124 4635.1738  5  5 -0.03165  0.006803 0.07042
21568.124 4635.1738  5  4  0.00619 -0.001330 0.03394
21568.124 4635.1738  4  5 -0.09973  0.021434 0.03394
21568.124 4635.1738  4  4 -0.06189  0.013301 0.04778
21568.124 4635.1738  4  3 -0.03164  0.006799 0.03078
21568.124 4635.1738  3  4 -0.11636  0.025006 0.03078
21568.124 4635.1738  3  3 -0.08610  0.018504 0.03248
21568.124 4635.1738  3  2 -0.06342  0.013629 0.02424
21568.124 4635.1738  2  3 -0.12695  0.027283 0.02424
21568.124 4635.1738  2  2 -0.10427  0.022408 0.02367
21568.124 4635.1738  2  1 -0.08915  0.019160 0.01458
21568.124 4635.1738  1  2 -0.13150  0.028261 0.01458
21568.124 4635.1738  1  1 -0.11638  0.025012 0.02292
21516.043 4646.3937  5  6  0.16207 -0.034999 0.27083
21516.043 4646.3937  5  5  0.13338 -0.028803 0.06417
21516.043 4646.3937  5  4  0.10947 -0.023639 0.00875
21516.043 4646.3937  4  5  0.01888 -0.004076 0.16500
21516.043 4646.3937  4  4 -0.00503  0.001087 0.09281
21516.043 4646.3937  4  3 -0.02416  0.005218 0.02344
21516.043 4646.3937  3  4 -0.09663  0.020869 0.08594
21516.043 4646.3937  3  3 -0.11576  0.025000 0.09115
21516.043 4646.3937  3  2 -0.13011  0.028098 0.04167
21516.043 4646.3937  2  3 -0.18446  0.039836 0.03125
21516.043 4646.3937  2  2 -0.19881  0.042934 0.06250
21516.043 4646.3937  2  1 -0.20837  0.045000 0.06250
20794.922 4807.5226  9 10  0.05255 -0.012148 0.18750
20794.922 4807.5226  9  9  0.20799 -0.048084 0.01015
20794.922 4807.5226  9  8  0.34788 -0.080426 0.00027
20794.922 4807.5226  8  9  0.01809 -0.004182 0.15949
20794.922 4807.5226  8  8  0.15798 -0.036524 0.01695
20794.922 4807.5226  8  7  0.28234 -0.065273 0.00064
20794.922 4807.5226  7  8 -0.01082  0.002500 0.13457
20794.922 4807.5226  7  7  0.11354 -0.026249 0.02070
20794.922 4807.5226  7  6  0.22235 -0.051404 0.00098
20794.922 4807.5226  6  7 -0.03416  0.007898 0.11259
20794.922 4807.5226  6  6  0.07465 -0.017257 0.02168
20794.922 4807.5226  6  5  0.16791 -0.038819 0.00114
20794.922 4807.5226  5  6 -0.05195  0.012011 0.09341
20794.922 4807.5226  5  5  0.04131 -0.009551 0.02015
20794.922 4807.5226  5  4  0.11903 -0.027519 0.00103
20794.922 4807.5226  4  5 -0.06419  0.014840 0.07692
20794.922 4807.5226  4  4  0.01353 -0.003128 0.01623
20794.922 4807.5226  4  3  0.07571 -0.017503 0.00060
20794.922 4807.5226  3  4 -0.07087  0.016384 0.06310
20794.922 4807.5226  3  3 -0.00869  0.002010 0.00982
20794.922 4807.5226  2  3 -0.07199  0.016644 0.05208
20709.071 4827.4529  7  7  0.14559 -0.033939 0.20833
20709.071 4827.4529  7  6  0.20398 -0.047549 0.02604
20709.071 4827.4529  6  7  0.00406 -0.000946 0.02604
20709.071 4827.4529  6  6  0.06245 -0.014557 0.13542
20709.071 4827.4529  6  5  0.11245 -0.026212 0.04167
20709.071 4827.4529  5  6 -0.05887  0.013723 0.04167
20709.071 4827.4529  5  5 -0.00887  0.002067 0.08185
20709.071 4827.4529  5  4  0.03277 -0.007638 0.04836
20709.071 4827.4529  4  5 -0.10996  0.025634 0.04836
20709.071 4827.4529  4  4 -0.06833  0.015928 0.04464
20709.071 4827.4529  4  3 -0.03504  0.008169 0.04762
20709.071 4827.4529  3  4 -0.14921  0.034782 0.04762
20709.071 4827.4529  3  3 -0.11592  0.027022 0.02083
20709.071 4827.4529  3  2 -0.09096  0.021205 0.04092
20709.071 4827.4529  2  3 -0.17657  0.041162 0.04092
20709.071 4827.4529  2  2 -0.15162  0.035345 0.00744
20709.071 4827.4529  2  1 -0.13499  0.031468 0.02976
20709.071 4827.4529  1  2 -0.19206  0.044772 0.02976
20709.071 4827.4529  1  1 -0.17543  0.040895 0.00149
20709.071 4827.4529  1  0 -0.16712  0.038957 0.01563
20709.071 4827.4529  0  1 -0.19565  0.045608 0.01563
20691.098 4831.6462  6  6  0.08457 -0.019748 0.22569
20691.098 4831.6462  6  5  0.14891 -0.034774 0.04514
20691.098 4831.6462  5  6 -0.03773  0.008811 0.04514
20691.098 4831.6462  5  5  0.02662 -0.006215 0.11546
20691.098 4831.6462  5  4  0.08020 -0.018727 0.06857
20691.098 4831.6462  4  5 -0.07530  0.017583 0.06857
20691.098 4831.6462  4  4 -0.02172  0.005072 0.04527
20691.098 4831.6462  4  3  0.02111 -0.004931 0.07366
20691.098 4831.6462  3  4 -0.10325  0.024111 0.07366
20691.098 4831.6462  3  3 -0.06042  0.014108 0.00868
20691.098 4831.6462  3  2 -0.02831  0.006611 0.06349
20691.098 4831.6462  2  3 -0.12157  0.028388 0.06349
20691.098 4831.6462  2  2 -0.08946  0.020890 0.00050
20691.098 4831.6462  2  1 -0.06806  0.015893 0.04018
20691.098 4831.6462  1  2 -0.13022  0.030410 0.04018
20691.098 4831.6462  1  1 -0.10883  0.025413 0.02232
20687.769 4832.4237  5  5 -0.00270  0.000632 0.24750
20687.769 4832.4237  5  4  0.09080 -0.021211 0.09625
20687.769 4832.4237  4  5 -0.09357  0.021857 0.09625
20687.769 4832.4237  4  4 -0.00006  0.000014 0.06000
20687.769 4832.4237  4  3  0.07462 -0.017431 0.12500
20687.769 4832.4237  3  4 -0.07275  0.016995 0.12500
20687.769 4832.4237  3  3  0.00193 -0.000451 0.00000
20687.769 4832.4237  3  2  0.05787 -0.013519 0.09375
20687.769 4832.4237  2  3 -0.05259  0.012284 0.09375
20687.769 4832.4237  2  2  0.00335 -0.000783 0.06250
20550.386 4864.7298  5  6  0.00162 -0.000384 0.27083
20550.386 4864.7298  5  5  0.06597 -0.015617 0.06417
20550.386 4864.7298  5  4  0.11955 -0.028301 0.00875
20550.386 4864.7298  4  5 -0.02489  0.005893 0.16500
20550.386 4864.7298  4  4  0.02869 -0.006791 0.09281
20550.386 4864.7298  4  3  0.07152 -0.016930 0.02344
20550.386 4864.7298  3  4 -0.04401  0.010417 0.08594
20550.386 4864.7298  3  3 -0.00117  0.000277 0.09115
20550.386 4864.7298  3  2  0.03094 -0.007323 0.04167
20550.386 4864.7298  2  3 -0.05569  0.013184 0.03125
20550.386 4864.7298  2  2 -0.02358  0.005583 0.06250
20550.386 4864.7298  2  1 -0.00218  0.000517 0.06250
20505.049 4875.4859  6  7  0.07626 -0.018133 0.23437
20505.049 4875.4859  6  6  0.13465 -0.032015 0.03385
20505.049 4875.4859  6  5  0.18465 -0.043904 0.00260
20505.049 4875.4859  5  6  0.01235 -0.002936 0.16927
20505.049 4875.4859  5  5  0.06235 -0.014825 0.05320
20505.049 4875.4859  5  4  0.10398 -0.024724 0.00670
20505.049 4875.4859  4  5 -0.03957  0.009408 0.11607
20505.049 4875.4859  4  4  0.00207 -0.000492 0.06027
20505.049 4875.4859  4  3  0.03536 -0.008407 0.01116
20505.049 4875.4859  3  4 -0.07946  0.018894 0.07366
20505.049 4875.4859  3  3 -0.04618  0.010980 0.05729
20505.049 4875.4859  3  2 -0.02122  0.005046 0.01488
20505.049 4875.4859  2  3 -0.10733  0.025519 0.04092
20505.049 4875.4859  2  2 -0.08237  0.019586 0.04650
20505.049 4875.4859  2  1 -0.06574  0.015632 0.01674
20505.049 4875.4859  1  2 -0.12314  0.029279 0.01674
20505.049 4875.4859  1  1 -0.10651  0.025325 0.03013
20505.049 4875.4859  1  0 -0.09820  0.023348 0.01563
20479.548 4881.5569  7  8  0.12829 -0.030580 0.21250
20479.548 4881.5569  7  7  0.18900 -0.045051 0.02083
20479.548 4881.5569  7  6  0.24207 -0.057700 0.00104
20479.548 4881.5569  6  7  0.04747 -0.011315 0.16667
20479.548 4881.5569  6  6  0.10053 -0.023964 0.03385
20479.548 4881.5569  6  5  0.14598 -0.034796 0.00260
20479.548 4881.5569  5  6 -0.02078  0.004953 0.12760
20479.548 4881.5569  5  5  0.02467 -0.005879 0.04010
20479.548 4881.5569  5  4  0.06251 -0.014900 0.00417
20479.548 4881.5569  4  5 -0.07643  0.018218 0.09479
20479.548 4881.5569  4  4 -0.03859  0.009198 0.04062
20479.548 4881.5569  4  3 -0.00833  0.001986 0.00521
20479.548 4881.5569  3  4 -0.11946  0.028476 0.06771
20479.548 4881.5569  3  3 -0.08921  0.021264 0.03646
20479.548 4881.5569  3  2 -0.06653  0.015858 0.00521
20479.548 4881.5569  2  3 -0.14986  0.035723 0.04583
20479.548 4881.5569  2  2 -0.12718  0.030316 0.02865
20479.548 4881.5569  2  1 -0.11207  0.026713 0.00365
20479.548 4881.5569  1  2 -0.16762  0.039955 0.02865
20479.548 4881.5569  1  1 -0.15251  0.036352 0.01823
20479.548 4881.5569  0  1 -0.17272  0.041172 0.01563
19100.264 5234.0727  8  8 -0.05206  0.014267 0.19560
19100.264 5234.0727  8  7  0.05438 -0.014903 0.01690
19100.264 5234.0727  7  8 -0.13206  0.036190 0.01690
19100.264 5234.0727  7  7 -0.02562  0.007020 0.14289
19100.264 5234.0727  7  6  0.06752 -0.018503 0.02771
19100.264 5234.0727  6  7 -0.09562  0.026203 0.02771
19100.264 5234.0727  6  6 -0.00248  0.000679 0.10165
19100.264 5234.0727  6  5  0.07735 -0.021198 0.03314
19100.264 5234.0727  5  6 -0.06248  0.017122 0.03314
19100.264 5234.0727  5  5  0.01735 -0.004756 0.07042
19100.264 5234.0727  5  4  0.08388 -0.022986 0.03394
19100.264 5234.0727  4  5 -0.03265  0.008946 0.03394
19100.264 5234.0727  4  4  0.03388 -0.009285 0.04778
19100.264 5234.0727  4  3  0.08710 -0.023869 0.03078
19100.264 5234.0727  3  4 -0.00612  0.001677 0.03078
19100.264 5234.0727  3  3  0.04710 -0.012908 0.03248
19100.264 5234.0727  3  2  0.08702 -0.023847 0.02424
19100.264 5234.0727  2  3  0.01710 -0.004687 0.02424
19100.264 5234.0727  2  2  0.05702 -0.015626 0.02367
19100.264 5234.0727  2  1  0.08363 -0.022918 0.01458
19100.264 5234.0727  1  2  0.03702 -0.010145 0.01458
19100.264 5234.0727  1  1  0.06363 -0.017437 0.02292
19075.515 5240.8635  9  9  0.09683 -0.026604 0.18608
19075.515 5240.8635  9  8  0.14516 -0.039882 0.01184
19075.515 5240.8635  8  9  0.00323 -0.000888 0.01184
19075.515 5240.8635  8  8  0.05156 -0.014166 0.14557
19075.515 5240.8635  8  7  0.09452 -0.025968 0.01967
19075.515 5240.8635  7  8 -0.03164  0.008693 0.01967
19075.515 5240.8635  7  7  0.01132 -0.003110 0.11270
19075.515 5240.8635  7  6  0.04891 -0.013437 0.02388
19075.515 5240.8635  6  7 -0.06148  0.016892 0.02388
19075.515 5240.8635  6  6 -0.02389  0.006565 0.08667
19075.515 5240.8635  6  5  0.00833 -0.002287 0.02486
19075.515 5240.8635  5  6 -0.08629  0.023709 0.02486
19075.515 5240.8635  5  5 -0.05407  0.014857 0.06677
19075.515 5240.8635  5  4 -0.02723  0.007480 0.02295
19075.515 5240.8635  4  5 -0.10607  0.029144 0.02295
19075.515 5240.8635  4  4 -0.07923  0.021767 0.05245
19075.515 5240.8635  4  3 -0.05775  0.015866 0.01836
19075.515 5240.8635  3  4 -0.12083  0.033197 0.01836
19075.515 5240.8635  3  3 -0.09935  0.027295 0.04351
19075.515 5240.8635  3  2 -0.08324  0.022869 0.01105
19075.515 5240.8635  2  3 -0.13055  0.035867 0.01105
19075.515 5240.8635  2  2 -0.11444  0.031441 0.04104
17901.744 5584.4973  7  6  0.03486 -0.010875 0.23437
17901.744 5584.4973  6  6  0.03885 -0.012120 0.03385
17901.744 5584.4973  6  5  0.01016 -0.003169 0.16927
17901.744 5584.4973  5  6  0.04227 -0.013187 0.00260
17901.744 5584.4973  5  5  0.01358 -0.004236 0.05320
17901.744 5584.4973  5  4 -0.01033  0.003223 0.11607
17901.744 5584.4973  4  5  0.01643 -0.005125 0.00670
17901.744 5584.4973  4  4 -0.00748  0.002334 0.06027
17901.744 5584.4973  4  3 -0.02661  0.008302 0.07366
17901.744 5584.4973  3  4 -0.00520  0.001623 0.01116
17901.744 5584.4973  3  3 -0.02433  0.007590 0.05729
17901.744 5584.4973  3  2 -0.03868  0.012066 0.04092
17901.744 5584.4973  2  3 -0.02262  0.007057 0.01488
17901.744 5584.4973  2  2 -0.03697  0.011532 0.04650
17901.744 5584.4973  2  1 -0.04653  0.014516 0.01674
17901.744 5584.4973  1  2 -0.03583  0.011177 0.01674
17901.744 5584.4973  1  1 -0.04539  0.014160 0.03013
17901.744 5584.4973  0  1 -0.04482  0.013983 0.01563
17876.400 5592.4148  6  5  0.00314 -0.000982 0.27083
17876.400 5592.4148  5  5  0.00008 -0.000025 0.06417
17876.400 5592.4148  5  4  0.00134 -0.000419 0.16500
17876.400 5592.4148  4  5 -0.00247  0.000773 0.00875
17876.400 5592.4148  4  4 -0.00121  0.000379 0.09281
17876.400 5592.4148  4  3 -0.00020  0.000063 0.08594
17876.400 5592.4148  3  4 -0.00325  0.001017 0.02344
17876.400 5592.4148  3  3 -0.00224  0.000701 0.09115
17876.400 5592.4148  3  2 -0.00149  0.000465 0.03125
17876.400 5592.4148  2  3 -0.00377  0.001180 0.04167
17876.400 5592.4148  2  2 -0.00302  0.000943 0.06250
17876.400 5592.4148  1  2 -0.00404  0.001263 0.06250
17836.467 5604.9354  5  4 -0.04983  0.015658 0.34375
17836.467 5604.9354  4  4 -0.07338  0.023058 0.16406
17836.467 5604.9354  4  3  0.09703 -0.030492 0.11719
17836.467 5604.9354  3  4 -0.09222  0.028979 0.05469
17836.467 5604.9354  3  3  0.07819 -0.024572 0.16406
17836.467 5604.9354  2  3  0.06406 -0.020132 0.15625
17773.242 5624.8741  5  5  0.02340 -0.007407 0.24750
17773.242 5624.8741  5  4  0.02466 -0.007806 0.09625
17773.242 5624.8741  4  5 -0.00015  0.000046 0.09625
17773.242 5624.8741  4  4  0.00111 -0.000353 0.06000
17773.242 5624.8741  4  3  0.00212 -0.000672 0.12500
17773.242 5624.8741  3  4 -0.01773  0.005610 0.12500
17773.242 5624.8741  3  3 -0.01672  0.005291 0.00000
17773.242 5624.8741  3  2 -0.01596  0.005051 0.09375
17773.242 5624.8741  2  3 -0.03085  0.009763 0.09375
17773.242 5624.8741  2  2 -0.03009  0.009523 0.06250
17764.539 5627.6298  7  7  0.05847 -0.018522 0.20833
17764.539 5627.6298  7  6  0.02107 -0.006674 0.02604
17764.539 5627.6298  6  7  0.06246 -0.019786 0.02604
17764.539 5627.6298  6  6  0.02506 -0.007938 0.13542
17764.539 5627.6298  6  5 -0.00700  0.002217 0.04167
17764.539 5627.6298  5  6  0.02848 -0.009021 0.04167
17764.539 5627.6298  5  5 -0.00358  0.001134 0.08185
17764.539 5627.6298  5  4 -0.03029  0.009597 0.04836
17764.539 5627.6298  4  5 -0.00073  0.000231 0.04836
17764.539 5627.6298  4  4 -0.02744  0.008694 0.04464
17764.539 5627.6298  4  3 -0.04881  0.015464 0.04762
17764.539 5627.6298  3  4 -0.02516  0.007972 0.04762
17764.539 5627.6298  3  3 -0.04653  0.014742 0.02083
17764.539 5627.6298  3  2 -0.06256  0.019820 0.04092
17764.539 5627.6298  2  3 -0.04482  0.014200 0.04092
17764.539 5627.6298  2  2 -0.06085  0.019278 0.00744
17764.539 5627.6298  2  1 -0.07154  0.022663 0.02976
17764.539 5627.6298  1  2 -0.05971  0.018917 0.02976
17764.539 5627.6298  1  1 -0.07040  0.022302 0.00149
17764.539 5627.6298  1  0 -0.07574  0.023994 0.01563
17764.539 5627.6298  0  1 -0.06983  0.022121 0.01563
17706.403 5646.1074  4  5  0.06290 -0.020058 0.34375
17706.403 5646.1074  4  4  0.06416 -0.020460 0.16406
17706.403 5646.1074  4  3  0.06517 -0.020781 0.05469
17706.403 5646.1074  3  4 -0.08264  0.026351 0.11719
17706.403 5646.1074  3  3 -0.08163  0.026030 0.16406
17706.403 5646.1074  3  2 -0.08087  0.025789 0.15625
17670.934 5657.4404  5  6  0.06657 -0.021313 0.27083
17670.934 5657.4404  5  5  0.03788 -0.012127 0.06417
17670.934 5657.4404  5  4  0.01397 -0.004472 0.00875
17670.934 5657.4404  4  5  0.01433 -0.004587 0.16500
17670.934 5657.4404  4  4 -0.00958  0.003068 0.09281
17670.934 5657.4404  4  3 -0.02871  0.009192 0.02344
17670.934 5657.4404  3  4 -0.02842  0.009100 0.08594
17670.934 5657.4404  3  3 -0.04755  0.015224 0.09115
17670.934 5657.4404  3  2 -0.06190  0.019817 0.04167
17670.934 5657.4404  2  3 -0.06168  0.019748 0.03125
17670.934 5657.4404  2  2 -0.07603  0.024341 0.06250
17670.934 5657.4404  2  1 -0.08559  0.027403 0.06250
17636.887 5668.3618  6  7  0.06991 -0.022469 0.23437
17636.887 5668.3618  6  6  0.03251 -0.010449 0.03385
17636.887 5668.3618  6  5  0.00046 -0.000146 0.00260
17636.887 5668.3618  5  6  0.02945 -0.009466 0.16927
17636.887 5668.3618  5  5 -0.00260  0.000837 0.05320
17636.887 5668.3618  5  4 -0.02932  0.009423 0.00670
17636.887 5668.3618  4  5 -0.00515  0.001657 0.11607
17636.887 5668.3618  4  4 -0.03187  0.010242 0.06027
17636.887 5668.3618  4  3 -0.05324  0.017111 0.01116
17636.887 5668.3618  3  4 -0.03391  0.010898 0.07366
17636.887 5668.3618  3  3 -0.05528  0.017767 0.05729
17636.887 5668.3618  3  2 -0.07131  0.022918 0.01488
17636.887 5668.3618  2  3 -0.05681  0.018258 0.04092
17636.887 5668.3618  2  2 -0.07284  0.023410 0.04650
17636.887 5668.3618  2  1 -0.08352  0.026844 0.01674
17636.887 5668.3618  1  2 -0.07386  0.023738 0.01674
17636.887 5668.3618  1  1 -0.08454  0.027172 0.03013
17636.887 5668.3618  1  0 -0.08989  0.028889 0.01563
17629.155 5670.8480  8  7  0.11517 -0.037048 0.21250
17629.155 5670.8480  7  7  0.08992 -0.028924 0.02083
17629.155 5670.8480  7  6  0.05252 -0.016893 0.16667
17629.155 5670.8480  6  7  0.06782 -0.021815 0.00104
17629.155 5670.8480  6  6  0.03042 -0.009785 0.03385
17629.155 5670.8480  6  5 -0.00164  0.000527 0.12760
17629.155 5670.8480  5  6  0.01148 -0.003691 0.00260
17629.155 5670.8480  5  5 -0.02058  0.006621 0.04010
17629.155 5670.8480  5  4 -0.04730  0.015214 0.09479
17629.155 5670.8480  4  5 -0.03637  0.011698 0.00417
17629.155 5670.8480  4  4 -0.06308  0.020292 0.04062
17629.155 5670.8480  4  3 -0.08445  0.027166 0.06771
17629.155 5670.8480  3  4 -0.07571  0.024354 0.00521
17629.155 5670.8480  3  3 -0.09708  0.031228 0.03646
17629.155 5670.8480  3  2 -0.11311  0.036384 0.04583
17629.155 5670.8480  2  3 -0.10655  0.034275 0.00521
17629.155 5670.8480  2  2 -0.12258  0.039431 0.02865
17629.155 5670.8480  2  1 -0.13326  0.042868 0.02865
17629.155 5670.8480  1  2 -0.12889  0.041462 0.00365
17629.155 5670.8480  1  1 -0.13958  0.044899 0.01823
17629.155 5670.8480  1  0 -0.14492  0.046618 0.01563
17543.552 5698.5189  7  6  0.11326 -0.036790 0.23437
17543.552 5698.5189  6  6  0.07245 -0.023534 0.03385
17543.552 5698.5189  6  5  0.04376 -0.014214 0.16927
17543.552 5698.5189  5  6  0.03747 -0.012172 0.00260
17543.552 5698.5189  5  5  0.00878 -0.002851 0.05320
17543.552 5698.5189  5  4 -0.01513  0.004915 0.11607
17543.552 5698.5189  4  5 -0.02037  0.006617 0.00670
17543.552 5698.5189  4  4 -0.04428  0.014384 0.06027
17543.552 5698.5189  4  3 -0.06341  0.020598 0.07366
17543.552 5698.5189  3  4 -0.06760  0.021959 0.01116
17543.552 5698.5189  3  3 -0.08673  0.028173 0.05729
17543.552 5698.5189  3  2 -0.10108  0.032833 0.04092
17543.552 5698.5189  2  3 -0.10422  0.033854 0.01488
17543.552 5698.5189  2  2 -0.11857  0.038514 0.04650
17543.552 5698.5189  2  1 -0.12813  0.041621 0.01674
17543.552 5698.5189  1  2 -0.13023  0.042302 0.01674
17543.552 5698.5189  1  1 -0.13979  0.045408 0.03013
17543.552 5698.5189  0  1 -0.14562  0.047302 0.01563
17528.000 5703.5750  6  5  0.06168 -0.020070 0.27083
17528.000 5703.5750  5  5  0.01848 -0.006012 0.06417
17528.000 5703.5750  5  4  0.01974 -0.006422 0.16500
17528.000 5703.5750  4  5 -0.01752  0.005702 0.00875
17528.000 5703.5750  4  4 -0.01626  0.005292 0.09281
17528.000 5703.5750  4  3 -0.01525  0.004964 0.08594
17528.000 5703.5750  3  4 -0.04506  0.014664 0.02344
17528.000 5703.5750  3  3 -0.04405  0.014335 0.09115
17528.000 5703.5750  3  2 -0.04330  0.014089 0.03125
17528.000 5703.5750  2  3 -0.06565  0.021364 0.04167
17528.000 5703.5750  2  2 -0.06490  0.021118 0.06250
17528.000 5703.5750  1  2 -0.07930  0.025804 0.06250
17456.171 5727.0445  8  7  0.11223 -0.036819 0.21250
17456.171 5727.0445  7  7  0.08847 -0.029024 0.02083
17456.171 5727.0445  7  6  0.05107 -0.016754 0.16667
17456.171 5727.0445  6  7  0.06768 -0.022203 0.00104
17456.171 5727.0445  6  6  0.03028 -0.009933 0.03385
17456.171 5727.0445  6  5 -0.00178  0.000584 0.12760
17456.171 5727.0445  5  6  0.01246 -0.004087 0.00260
17456.171 5727.0445  5  5 -0.01960  0.006430 0.04010
17456.171 5727.0445  5  4 -0.04631  0.015195 0.09479
17456.171 5727.0445  4  5 -0.03445  0.011302 0.00417
17456.171 5727.0445  4  4 -0.06116  0.020067 0.04062
17456.171 5727.0445  4  3 -0.08253  0.027078 0.06771
17456.171 5727.0445  3  4 -0.07304  0.023965 0.00521
17456.171 5727.0445  3  3 -0.09441  0.030976 0.03646
17456.171 5727.0445  3  2 -0.11044  0.036235 0.04583
17456.171 5727.0445  2  3 -0.10332  0.033899 0.00521
17456.171 5727.0445  2  2 -0.11935  0.039158 0.02865
17456.171 5727.0445  2  1 -0.13004  0.042664 0.02865
17456.171 5727.0445  1  2 -0.12529  0.041107 0.00365
17456.171 5727.0445  1  1 -0.13598  0.044613 0.01823
17456.171 5727.0445  1  0 -0.14132  0.046366 0.01563
17454.310 5727.6551  5  5  0.10977 -0.036020 0.24750
17454.310 5727.6551  5  4  0.11103 -0.036434 0.09625
17454.310 5727.6551  4  5  0.00397 -0.001302 0.09625
17454.310 5727.6551  4  4  0.00523 -0.001715 0.06000
17454.310 5727.6551  4  3  0.00624 -0.002046 0.12500
17454.310 5727.6551  3  4 -0.07941  0.026060 0.12500
17454.310 5727.6551  3  3 -0.07840  0.025729 0.00000
17454.310 5727.6551  3  2 -0.07765  0.025481 0.09375
17454.310 5727.6551  2  3 -0.14188  0.046560 0.09375
17454.310 5727.6551  2  2 -0.14113  0.046312 0.06250
17443.365 5731.2490  7  6  0.21818 -0.071687 0.23437
17443.365 5731.2490  6  6  0.11742 -0.038579 0.03385
17443.365 5731.2490  6  5  0.08872 -0.029152 0.16927
17443.365 5731.2490  5  6  0.03105 -0.010201 0.00260
17443.365 5731.2490  5  5  0.00235 -0.000774 0.05320
17443.365 5731.2490  5  4 -0.02156  0.007083 0.11607
17443.365 5731.2490  4  5 -0.06962  0.022875 0.00670
17443.365 5731.2490  4  4 -0.09353  0.030731 0.06027
17443.365 5731.2490  4  3 -0.11266  0.037017 0.07366
17443.365 5731.2490  3  4 -0.15111  0.049651 0.01116
17443.365 5731.2490  3  3 -0.17024  0.055936 0.05729
17443.365 5731.2490  3  2 -0.18459  0.060650 0.04092
17443.365 5731.2490  2  3 -0.21343  0.070125 0.01488
17443.365 5731.2490  2  2 -0.22777  0.074839 0.04650
17443.365 5731.2490  2  1 -0.23734  0.077982 0.01674
17443.365 5731.2490  1  2 -0.25656  0.084299 0.01674
17443.365 5731.2490  1  1 -0.26613  0.087441 0.03013
17443.365 5731.2490  0  1 -0.28052  0.092171 0.01563
17425.692 5737.0616  6  6  0.10484 -0.034518 0.22569
17425.692 5737.0616  6  5  0.07615 -0.025071 0.04514
17425.692 5737.0616  5  6  0.06164 -0.020295 0.04514
17425.692 5737.0616  5  5  0.03295 -0.010849 0.11546
17425.692 5737.0616  5  4  0.00904 -0.002976 0.06857
17425.692 5737.0616  4  5 -0.00305  0.001004 0.06857
17425.692 5737.0616  4  4 -0.02696  0.008876 0.04527
17425.692 5737.0616  4  3 -0.04609  0.015174 0.07366
17425.692 5737.0616  3  4 -0.05576  0.018358 0.07366
17425.692 5737.0616  3  3 -0.07489  0.024656 0.00868
17425.692 5737.0616  3  2 -0.08924  0.029379 0.06349
17425.692 5737.0616  2  3 -0.09649  0.031768 0.06349
17425.692 5737.0616  2  2 -0.11084  0.036491 0.00050
17425.692 5737.0616  2  1 -0.12040  0.039640 0.04018
17425.692 5737.0616  1  2 -0.12524  0.041232 0.04018
17425.692 5737.0616  1  1 -0.13480  0.044381 0.02232
17406.347 5743.4377  7  7  0.13687 -0.045161 0.20833
17406.347 5743.4377  7  6  0.09947 -0.032820 0.02604
17406.347 5743.4377  6  7  0.09606 -0.031695 0.02604
17406.347 5743.4377  6  6  0.05866 -0.019355 0.13542
17406.347 5743.4377  6  5  0.02660 -0.008777 0.04167
17406.347 5743.4377  5  6  0.02368 -0.007813 0.04167
17406.347 5743.4377  5  5 -0.00838  0.002765 0.08185
17406.347 5743.4377  5  4 -0.03509  0.011580 0.04836
17406.347 5743.4377  4  5 -0.03753  0.012383 0.04836
17406.347 5743.4377  4  4 -0.06424  0.021198 0.04464
17406.347 5743.4377  4  3 -0.08561  0.028250 0.04762
17406.347 5743.4377  3  4 -0.08756  0.028893 0.04762
17406.347 5743.4377  3  3 -0.10893  0.035945 0.02083
17406.347 5743.4377  3  2 -0.12496  0.041234 0.04092
17406.347 5743.4377  2  3 -0.12642  0.041716 0.04092
17406.347 5743.4377  2  2 -0.14245  0.047005 0.00744
17406.347 5743.4377  2  1 -0.15314  0.050531 0.02976
17406.347 5743.4377  1  2 -0.15411  0.050852 0.02976
17406.347 5743.4377  1  1 -0.16480  0.054378 0.00149
17406.347 5743.4377  1  0 -0.17014  0.056141 0.01563
17406.347 5743.4377  0  1 -0.17063  0.056302 0.01563
16715.595 5980.7807  6  5 -0.02775  0.009929 0.27083
16715.595 5980.7807  5  5 -0.03081  0.011024 0.06417
16715.595 5980.7807  5  4 -0.00013  0.000047 0.16500
16715.595 5980.7807  4  5 -0.03336  0.011936 0.00875
16715.595 5980.7807  4  4 -0.00268  0.000959 0.09281
16715.595 5980.7807  4  3  0.02186 -0.007822 0.08594
16715.595 5980.7807  3  4 -0.00472  0.001689 0.02344
16715.595 5980.7807  3  3  0.01982 -0.007092 0.09115
16715.595 5980.7807  3  2  0.03823 -0.013678 0.03125
16715.595 5980.7807  2  3  0.01829 -0.006544 0.04167
16715.595 5980.7807  2  2  0.03670 -0.013130 0.06250
16715.595 5980.7807  1  2  0.03568 -0.012765 0.06250
16655.660 6002.3026  7  6 -0.03992  0.014385 0.23437
16655.660 6002.3026  6  6 -0.03593  0.012947 0.03385
16655.660 6002.3026  6  5 -0.01334  0.004808 0.16927
16655.660 6002.3026  5  6 -0.03251  0.011714 0.00260
16655.660 6002.3026  5  5 -0.00992  0.003576 0.05320
16655.660 6002.3026  5  4  0.00890 -0.003206 0.11607
16655.660 6002.3026  4  5 -0.00707  0.002549 0.00670
16655.660 6002.3026  4  4  0.01175 -0.004233 0.06027
16655.660 6002.3026  4  3  0.02680 -0.009658 0.07366
16655.660 6002.3026  3  4  0.01403 -0.005055 0.01116
16655.660 6002.3026  3  3  0.02908 -0.010480 0.05729
16655.660 6002.3026  3  2  0.04037 -0.014549 0.04092
16655.660 6002.3026  2  3  0.03079 -0.011096 0.01488
16655.660 6002.3026  2  2  0.04208 -0.015165 0.04650
16655.660 6002.3026  2  1  0.04961 -0.017878 0.01674
16655.660 6002.3026  1  2  0.04322 -0.015576 0.01674
16655.660 6002.3026  1  1  0.05075 -0.018289 0.03013
16655.660 6002.3026  0  1  0.05132 -0.018494 0.01563
16502.142 6058.1420  5  4 -0.12548  0.046066 0.34375
16502.142 6058.1420  4  4 -0.07698  0.028261 0.16406
16502.142 6058.1420  4  3  0.09343 -0.034300 0.11719
16502.142 6058.1420  3  4 -0.03818  0.014016 0.05469
16502.142 6058.1420  3  3  0.13223 -0.048544 0.16406
16502.142 6058.1420  2  3  0.16133 -0.059227 0.15625
16477.375 6067.2480  8  7  0.16047 -0.059086 0.21250
16477.375 6067.2480  7  7  0.08047 -0.029629 0.02083
16477.375 6067.2480  7  6  0.07877 -0.029005 0.16667
16477.375 6067.2480  6  7  0.01047 -0.003854 0.00104
16477.375 6067.2480  6  6  0.00877 -0.003230 0.03385
16477.375 6067.2480  6  5  0.00732 -0.002695 0.12760
16477.375 6067.2480  5  6 -0.05123  0.018863 0.00260
16477.375 6067.2480  5  5 -0.05268  0.019398 0.04010
16477.375 6067.2480  5  4 -0.05389  0.019844 0.09479
16477.375 6067.2480  4  5 -0.10268  0.037810 0.00417
16477.375 6067.2480  4  4 -0.10389  0.038256 0.04062
16477.375 6067.2480  4  3 -0.10486  0.038612 0.06771
16477.375 6067.2480  3  4 -0.14389  0.052985 0.00521
16477.375 6067.2480  3  3 -0.14486  0.053341 0.03646
16477.375 6067.2480  3  2 -0.14559  0.053609 0.04583
16477.375 6067.2480  2  3 -0.17486  0.064388 0.00521
16477.375 6067.2480  2  2 -0.17559  0.064656 0.02865
16477.375 6067.2480  2  1 -0.17607  0.064834 0.02865
16477.375 6067.2480  1  2 -0.19559  0.072020 0.00365
16477.375 6067.2480  1  1 -0.19607  0.072199 0.01823
16477.375 6067.2480  1  0 -0.19631  0.072288 0.01563
16438.917 6081.4422  5  5 -0.05225  0.019329 0.24750
16438.917 6081.4422  5  4 -0.05099  0.018863 0.09625
16438.917 6081.4422  4  5 -0.00375  0.001387 0.09625
16438.917 6081.4422  4  4 -0.00249  0.000920 0.06000
16438.917 6081.4422  4  3 -0.00148  0.000547 0.12500
16438.917 6081.4422  3  4  0.03631 -0.013433 0.12500
16438.917 6081.4422  3  3  0.03732 -0.013806 0.00000
16438.917 6081.4422  3  2  0.03808 -0.014086 0.09375
16438.917 6081.4422  2  3  0.06642 -0.024572 0.09375
16438.917 6081.4422  2  2  0.06718 -0.024852 0.06250
16415.255 6090.2084  6  7  0.03832 -0.014219 0.23437
16415.255 6090.2084  6  6  0.00092 -0.000343 0.03385
16415.255 6090.2084  6  5 -0.03113  0.011550 0.00260
16415.255 6090.2084  5  6  0.01952 -0.007244 0.16927
16415.255 6090.2084  5  5 -0.01253  0.004650 0.05320
16415.255 6090.2084  5  4 -0.03925  0.014561 0.00670
16415.255 6090.2084  4  5  0.00297 -0.001101 0.11607
16415.255 6090.2084  4  4 -0.02375  0.008810 0.06027
16415.255 6090.2084  4  3 -0.04512  0.016739 0.01116
16415.255 6090.2084  3  4 -0.01135  0.004209 0.07366
16415.255 6090.2084  3  3 -0.03272  0.012138 0.05729
16415.255 6090.2084  3  2 -0.04875  0.018085 0.01488
16415.255 6090.2084  2  3 -0.02342  0.008688 0.04092
16415.255 6090.2084  2  2 -0.03945  0.014635 0.04650
16415.255 6090.2084  2  1 -0.05013  0.018599 0.01674
16415.255 6090.2084  1  2 -0.03325  0.012334 0.01674
16415.255 6090.2084  1  1 -0.04393  0.016299 0.03013
16415.255 6090.2084  1  0 -0.04927  0.018281 0.01563
16357.664 6111.6506  4  4 -0.12110  0.045249 0.23437
16357.664 6111.6506  4  3  0.04931 -0.018422 0.32812
16357.664 6111.6506  3  4 -0.01470  0.005494 0.32812
16357.664 6111.6506  3  3  0.15571 -0.058176 0.10938
16294.439 6135.3650  4  5 -0.04787  0.018026 0.34375
16294.439 6135.3650  4  4 -0.04661  0.017551 0.16406
16294.439 6135.3650  4  3 -0.04560  0.017172 0.05469
16294.439 6135.3650  3  4  0.05979 -0.022512 0.11719
16294.439 6135.3650  3  3  0.06080 -0.022891 0.16406
16294.439 6135.3650  3  2  0.06155 -0.023176 0.15625
16126.675 6199.1910  8  7  0.10827 -0.041618 0.21250
16126.675 6199.1910  7  7 -0.02612  0.010042 0.02083
16126.675 6199.1910  7  6  0.06319 -0.024290 0.16667
16126.675 6199.1910  6  7 -0.14369  0.055237 0.00104
16126.675 6199.1910  6  6 -0.05438  0.020904 0.03385
16126.675 6199.1910  6  5  0.02215 -0.008516 0.12760
16126.675 6199.1910  5  6 -0.15514  0.059636 0.00260
16126.675 6199.1910  5  5 -0.07860  0.030216 0.04010
16126.675 6199.1910  5  4 -0.01484  0.005704 0.09479
16126.675 6199.1910  4  5 -0.16255  0.062488 0.00417
16126.675 6199.1910  4  4 -0.09879  0.037976 0.04062
16126.675 6199.1910  4  3 -0.04779  0.018370 0.06771
16126.675 6199.1910  3  4 -0.16594  0.063791 0.00521
16126.675 6199.1910  3  3 -0.11494  0.044185 0.03646
16126.675 6199.1910  3  2 -0.07670  0.029482 0.04583
16126.675 6199.1910  2  3 -0.16530  0.063544 0.00521
16126.675 6199.1910  2  2 -0.12706  0.048842 0.02865
16126.675 6199.1910  2  1 -0.10156  0.039041 0.02865
16126.675 6199.1910  1  2 -0.16063  0.061747 0.00365
16126.675 6199.1910  1  1 -0.13513  0.051947 0.01823
16126.675 6199.1910  1  0 -0.12239  0.047047 0.01563
16082.124 6216.3643  7  6  0.10119 -0.039114 0.23437
16082.124 6216.3643  6  6 -0.01889  0.007303 0.03385
16082.124 6216.3643  6  5  0.05577 -0.021557 0.16927
16082.124 6216.3643  5  6 -0.12183  0.047092 0.00260
16082.124 6216.3643  5  5 -0.04717  0.018232 0.05320
16082.124 6216.3643  5  4  0.01512 -0.005845 0.11607
16082.124 6216.3643  4  5 -0.13296  0.051393 0.00670
16082.124 6216.3643  4  4 -0.07067  0.027316 0.06027
16082.124 6216.3643  4  3 -0.02079  0.008035 0.07366
16082.124 6216.3643  3  4 -0.13930  0.053846 0.01116
16082.124 6216.3643  3  3 -0.08942  0.034566 0.05729
16082.124 6216.3643  3  2 -0.05199  0.020095 0.04092
16082.124 6216.3643  2  3 -0.14090  0.054465 0.01488
16082.124 6216.3643  2  2 -0.10347  0.039995 0.04650
16082.124 6216.3643  2  1 -0.07850  0.030342 0.01674
16082.124 6216.3643  1  2 -0.13779  0.053261 0.01674
16082.124 6216.3643  1  1 -0.11282  0.043609 0.03013
16082.124 6216.3643  0  1 -0.12998  0.050242 0.01563
16013.968 6242.8216  5  4  0.06024 -0.023484 0.34375
16013.968 6242.8216  4  4 -0.03884  0.015141 0.16406
16013.968 6242.8216  4  3  0.06143 -0.023947 0.11719
16013.968 6242.8216  3  4 -0.11823  0.046090 0.05469
16013.968 6242.8216  3  3 -0.01796  0.007002 0.16406
16013.968 6242.8216  2  3 -0.07758  0.030243 0.15625
16013.235 6243.1073  8  8  0.05066 -0.019752 0.19560
16013.235 6243.1073  8  7  0.15941 -0.062151 0.01690
16013.235 6243.1073  7  8 -0.08373  0.032644 0.01690
16013.235 6243.1073  7  7  0.02502 -0.009756 0.14289
16013.235 6243.1073  7  6  0.12008 -0.046816 0.02771
16013.235 6243.1073  6  7 -0.09255  0.036082 0.02771
16013.235 6243.1073  6  6  0.00251 -0.000979 0.10165
16013.235 6243.1073  6  5  0.08391 -0.032716 0.03314
16013.235 6243.1073  5  6 -0.09825  0.038304 0.03314
16013.235 6243.1073  5  5 -0.01684  0.006566 0.07042
16013.235 6243.1073  5  4  0.05094 -0.019861 0.03394
16013.235 6243.1073  4  5 -0.10079  0.039297 0.03394
16013.235 6243.1073  4  4 -0.03301  0.012869 0.04778
16013.235 6243.1073  4  3  0.02118 -0.008259 0.03078
16013.235 6243.1073  3  4 -0.10016  0.039051 0.03078
16013.235 6243.1073  3  3 -0.04597  0.017922 0.03248
16013.235 6243.1073  3  2 -0.00534  0.002083 0.02424
16013.235 6243.1073  2  3 -0.09633  0.037557 0.02424
16013.235 6243.1073  2  2 -0.05570  0.021718 0.02367
16013.235 6243.1073  2  1 -0.02863  0.011162 0.01458
16013.235 6243.1073  1  2 -0.08928  0.034807 0.01458
16013.235 6243.1073  1  1 -0.06220  0.024251 0.02292
15990.911 6251.8231  7  7  0.05390 -0.021073 0.20833
15990.911 6251.8231  7  6  0.14321 -0.055991 0.02604
15990.911 6251.8231  6  7 -0.06618  0.025874 0.02604
15990.911 6251.8231  6  6  0.02313 -0.009044 0.13542
15990.911 6251.8231  6  5  0.09967 -0.038966 0.04167
15990.911 6251.8231  5  6 -0.07980  0.031200 0.04167
15990.911 6251.8231  5  5 -0.00327  0.001278 0.08185
15990.911 6251.8231  5  4  0.06049 -0.023651 0.04836
15990.911 6251.8231  4  5 -0.08906  0.034819 0.04836
15990.911 6251.8231  4  4 -0.02529  0.009889 0.04464
15990.911 6251.8231  4  3  0.02571 -0.010051 0.04762
15990.911 6251.8231  3  4 -0.09393  0.036723 0.04762
15990.911 6251.8231  3  3 -0.04293  0.016783 0.02083
15990.911 6251.8231  3  2 -0.00468  0.001830 0.04092
15990.911 6251.8231  2  3 -0.09441  0.036910 0.04092
15990.911 6251.8231  2  2 -0.05616  0.021957 0.00744
15990.911 6251.8231  2  1 -0.03067  0.011989 0.02976
15990.911 6251.8231  1  2 -0.09048  0.035375 0.02976
15990.911 6251.8231  1  1 -0.06499  0.025408 0.00149
15990.911 6251.8231  1  0 -0.05224  0.020424 0.01563
15990.911 6251.8231  0  1 -0.08215  0.032117 0.01563
15977.935 6256.9003  6  6  0.04786 -0.018740 0.22569
15977.935 6256.9003  6  5  0.12252 -0.047977 0.04514
15977.935 6256.9003  5  6 -0.05964  0.023354 0.04514
15977.935 6256.9003  5  5  0.01502 -0.005883 0.11546
15977.935 6256.9003  5  4  0.07731 -0.030276 0.06857
15977.935 6256.9003  4  5 -0.07461  0.029216 0.06857
15977.935 6256.9003  4  4 -0.01232  0.004823 0.04527
15977.935 6256.9003  4  3  0.03756 -0.014709 0.07366
15977.935 6256.9003  3  4 -0.08406  0.032916 0.07366
15977.935 6256.9003  3  3 -0.03418  0.013384 0.00868
15977.935 6256.9003  3  2  0.00326 -0.001276 0.06349
15977.935 6256.9003  2  3 -0.08800  0.034462 0.06349
15977.935 6256.9003  2  2 -0.05057  0.019801 0.00050
15977.935 6256.9003  2  1 -0.02559  0.010023 0.04018
15977.935 6256.9003  1  2 -0.08646  0.033857 0.04018
15977.935 6256.9003  1  1 -0.06149  0.024078 0.02232
15493.963 6452.3435  6  5 -0.05934  0.024711 0.27083
15493.963 6452.3435  5  5 -0.04074  0.016965 0.06417
15493.963 6452.3435  5  4 -0.01006  0.004189 0.16500
15493.963 6452.3435  4  5 -0.02524  0.010510 0.00875
15493.963 6452.3435  4  4  0.00544 -0.002266 0.09281
15493.963 6452.3435  4  3  0.02998 -0.012486 0.08594
15493.963 6452.3435  3  4  0.01784 -0.007430 0.02344
15493.963 6452.3435  3  3  0.04238 -0.017650 0.09115
15493.963 6452.3435  3  2  0.06079 -0.025316 0.03125
15493.963 6452.3435  2  3  0.05168 -0.021523 0.04167
15493.963 6452.3435  2  2  0.07009 -0.029189 0.06250
15493.963 6452.3435  1  2  0.07629 -0.031771 0.06250
15306.376 6531.4207  6  6 -0.06006  0.025628 0.22569
15306.376 6531.4207  6  5 -0.03748  0.015991 0.04514
15306.376 6531.4207  5  6 -0.04146  0.017691 0.04514
15306.376 6531.4207  5  5 -0.01888  0.008054 0.11546
15306.376 6531.4207  5  4 -0.00006  0.000024 0.06857
15306.376 6531.4207  4  5 -0.00338  0.001440 0.06857
15306.376 6531.4207  4  4  0.01544 -0.006590 0.04527
15306.376 6531.4207  4  3  0.03050 -0.013014 0.07366
15306.376 6531.4207  3  4  0.02784 -0.011881 0.07366
15306.376 6531.4207  3  3  0.04290 -0.018305 0.00868
15306.376 6531.4207  3  2  0.05419 -0.023123 0.06349
15306.376 6531.4207  2  3  0.05220 -0.022274 0.06349
15306.376 6531.4207  2  2  0.06349 -0.027092 0.00050
15306.376 6531.4207  2  1  0.07102 -0.030304 0.04018
15306.376 6531.4207  1  2  0.06969 -0.029737 0.04018
15306.376 6531.4207  1  1  0.07722 -0.032950 0.02232
15278.112 6543.5037  5  5 -0.08314  0.035607 0.24750
15278.112 6543.5037  5  4 -0.05246  0.022468 0.09625
15278.112 6543.5037  4  5 -0.03464  0.014835 0.09625
15278.112 6543.5037  4  4 -0.00396  0.001696 0.06000
15278.112 6543.5037  4  3  0.02058 -0.008816 0.12500
15278.112 6543.5037  3  4  0.03484 -0.014922 0.12500
15278.112 6543.5037  3  3  0.05938 -0.025434 0.00000
15278.112 6543.5037  3  2  0.07779 -0.033317 0.09375
15278.112 6543.5037  2  3  0.08848 -0.037897 0.09375
15278.112 6543.5037  2  2  0.10689 -0.045780 0.06250
15133.634 6605.9737  4  5 -0.07876  0.034381 0.34375
15133.634 6605.9737  4  4 -0.04808  0.020989 0.16406
15133.634 6605.9737  4  3 -0.02354  0.010276 0.05469
15133.634 6605.9737  3  4  0.05832 -0.025456 0.11719
15133.634 6605.9737  3  3  0.08286 -0.036169 0.16406
15133.634 6605.9737  3  2  0.10127 -0.044203 0.15625
15129.387 6607.8281  7  7  0.01371 -0.005988 0.20833
15129.387 6607.8281  7  6  0.10664 -0.046576 0.02604
15129.387 6607.8281  6  7 -0.08706  0.038022 0.02604
15129.387 6607.8281  6  6  0.00588 -0.002566 0.13542
15129.387 6607.8281  6  5  0.08553 -0.037356 0.04167
15129.387 6607.8281  5  6 -0.08049  0.035157 0.04167
15129.387 6607.8281  5  5 -0.00084  0.000367 0.08185
15129.387 6607.8281  5  4  0.06554 -0.028625 0.04836
15129.387 6607.8281  4  5 -0.07281  0.031802 0.04836
15129.387 6607.8281  4  4 -0.00644  0.002811 0.04464
15129.387 6607.8281  4  3  0.04667 -0.020383 0.04762
15129.387 6607.8281  3  4 -0.06402  0.027959 0.04762
15129.387 6607.8281  3  3 -0.01091  0.004766 0.02083
15129.387 6607.8281  3  2  0.02892 -0.012629 0.04092
15129.387 6607.8281  2  3 -0.05410  0.023627 0.04092
15129.387 6607.8281  2  2 -0.01427  0.006232 0.00744
15129.387 6607.8281  2  1  0.01228 -0.005364 0.02976
15129.387 6607.8281  1  2 -0.04306  0.018806 0.02976
15129.387 6607.8281  1  1 -0.01651  0.007210 0.00149
15129.387 6607.8281  1  0 -0.00323  0.001411 0.01563
15129.387 6607.8281  0  1 -0.03090  0.013497 0.01563
15090.525 6624.8451  5  6 -0.08386  0.036815 0.27083
15090.525 6624.8451  5  5 -0.06128  0.026901 0.06417
15090.525 6624.8451  5  4 -0.04246  0.018639 0.00875
15090.525 6624.8451  4  5 -0.01278  0.005608 0.16500
15090.525 6624.8451  4  4  0.00604 -0.002653 0.09281
15090.525 6624.8451  4  3  0.02110 -0.009262 0.02344
15090.525 6624.8451  3  4  0.04484 -0.019687 0.08594
15090.525 6624.8451  3  3  0.05990 -0.026296 0.09115
15090.525 6624.8451  3  2  0.07119 -0.031253 0.04167
15090.525 6624.8451  2  3  0.08900 -0.039071 0.03125
15090.525 6624.8451  2  2  0.10029 -0.044028 0.06250
15090.525 6624.8451  2  1  0.10782 -0.047332 0.06250
14734.326 6785.0004  6  5  0.10338 -0.047605 0.27083
14734.326 6785.0004  5  5  0.03158 -0.014544 0.06417
14734.326 6785.0004  5  4  0.03284 -0.015124 0.16500
14734.326 6785.0004  4  5 -0.02825  0.013008 0.00875
14734.326 6785.0004  4  4 -0.02699  0.012427 0.09281
14734.326 6785.0004  4  3 -0.02598  0.011963 0.08594
14734.326 6785.0004  3  4 -0.07485  0.034468 0.02344
14734.326 6785.0004  3  3 -0.07384  0.034004 0.09115
14734.326 6785.0004  3  2 -0.07309  0.033656 0.03125
14734.326 6785.0004  2  3 -0.10974  0.050535 0.04167
14734.326 6785.0004  2  2 -0.10898  0.050187 0.06250
14734.326 6785.0004  1  2 -0.13292  0.061207 0.06250
12453.961 8027.3662  7  6  0.28953 -0.186615 0.23437
12453.961 8027.3662  6  6  0.14799 -0.095391 0.03385
12453.961 8027.3662  6  5  0.11930 -0.076897 0.16927
12453.961 8027.3662  5  6  0.02668 -0.017197 0.00260
12453.961 8027.3662  5  5 -0.00201  0.001298 0.05320
12453.961 8027.3662  5  4 -0.02592  0.016710 0.11607
12453.961 8027.3662  4  5 -0.10311  0.066461 0.00670
12453.961 8027.3662  4  4 -0.12702  0.081873 0.06027
12453.961 8027.3662  4  3 -0.14615  0.094203 0.07366
12453.961 8027.3662  3  4 -0.20790  0.134005 0.01116
12453.961 8027.3662  3  3 -0.22702  0.146335 0.05729
12453.961 8027.3662  3  2 -0.24137  0.155582 0.04092
12453.961 8027.3662  2  3 -0.28768  0.185434 0.01488
12453.961 8027.3662  2  2 -0.30203  0.194682 0.04650
12453.961 8027.3662  2  1 -0.31159  0.200847 0.01674
12453.961 8027.3662  1  2 -0.34247  0.220748 0.01674
12453.961 8027.3662  1  1 -0.35203  0.226913 0.03013
12453.961 8027.3662  0  1 -0.37225  0.239946 0.01563
12130.233 8241.5992  4  5 -0.01217  0.008271 0.34375
12130.233 8241.5992  4  4 -0.01091  0.007415 0.16406
12130.233 8241.5992  4  3 -0.00990  0.006729 0.05469
12130.233 8241.5992  3  4  0.01389 -0.009435 0.11719
12130.233 8241.5992  3  3  0.01490 -0.010120 0.16406
12130.233 8241.5992  3  2  0.01565 -0.010634 0.15625
11191.442 8932.9465  6  5  0.14614 -0.116647 0.27083
11191.442 8932.9465  5  5  0.02384 -0.019030 0.06417
11191.442 8932.9465  5  4  0.05452 -0.043517 0.16500
11191.442 8932.9465  4  5 -0.07807  0.062319 0.00875
11191.442 8932.9465  4  4 -0.04740  0.037831 0.09281
11191.442 8932.9465  4  3 -0.02285  0.018242 0.08594
11191.442 8932.9465  3  4 -0.12893  0.102911 0.02344
11191.442 8932.9465  3  3 -0.10439  0.083321 0.09115
11191.442 8932.9465  3  2 -0.08598  0.068628 0.03125
11191.442 8932.9465  2  3 -0.16553  0.132131 0.04167
11191.442 8932.9465  2  2 -0.14713  0.117438 0.06250
11191.442 8932.9465  1  2 -0.18789  0.149979 0.06250
11050.730 9046.6926  5  5  0.06320 -0.051736 0.24750
11050.730 9046.6926  5  4  0.09387 -0.076850 0.09625
11050.730 9046.6926  4  5 -0.02767  0.022651 0.09625
11050.730 9046.6926  4  4  0.00301 -0.002464 0.06000
11050.730 9046.6926  4  3  0.02755 -0.022555 0.12500
11050.730 9046.6926  3  4 -0.06968  0.057046 0.12500
11050.730 9046.6926  3  3 -0.04514  0.036954 0.00000
11050.730 9046.6926  3  2 -0.02673  0.021886 0.09375
11050.730 9046.6926  2  3 -0.09966  0.081587 0.09375
11050.730 9046.6926  2  2 -0.08125  0.066518 0.06250
