2384.2870 41928.473 od 0.5     0.000 ev 1.5   4.9     0.5    -2.08
2401.9037 41758.357 od 3.5   137.383 ev 2.5   8.6     1.6    -1.22
2406.7475 41860.647 od 4.5   323.432 ev 3.5   9.4     1.6    -1.09
2412.6895 41758.357 od 3.5   323.432 ev 3.5  10.8     2.1    -1.12
2420.1214 41860.647 od 4.5   552.955 ev 4.5  10.0     1.7    -1.06
2426.1297 41758.357 od 3.5   552.955 ev 4.5   1.08    0.21   -2.12
2501.6139 39962.150 od 2.5     0.000 ev 1.5  12.2     2.0    -1.16
2503.3037 39935.176 od 1.5     0.000 ev 1.5  11.4     2.6    -1.37
2506.9066 39877.786 od 0.5     0.000 ev 1.5  51.      7.     -1.01
2507.8627 39999.966 od 2.5   137.383 ev 2.5  12.3     2.3    -1.16
2511.9458 39935.176 od 1.5   137.383 ev 2.5  31.      4.     -0.94
2517.1486 40038.970 od 4.5   323.432 ev 3.5  14.2     2.1    -0.87
2519.6233 39999.966 od 2.5   323.432 ev 3.5  40.      5.     -0.64
2530.1853 40063.874 od 5.5   552.955 ev 4.5  14.4     2.1    -0.78
2545.9241 39266.680 od 1.5     0.000 ev 1.5  17.7     2.7    -1.16
2549.9688 39341.784 od 3.5   137.383 ev 2.5   1.8     0.5    -1.85
2554.8634 39266.680 od 1.5   137.383 ev 2.5   3.6     0.9    -1.85
2562.1284 39341.784 od 3.5   323.432 ev 3.5  16.7     2.4    -0.88
2574.0187 39391.079 od 4.5   552.955 ev 4.5  17.1     3.0    -0.77
2577.2901 39341.784 od 3.5   552.955 ev 4.5   2.8     0.6    -1.66
2642.2637 37835.065 od 1.5     0.000 ev 1.5   8.1     0.7    -1.47
2643.1547 37959.695 od 2.5   137.383 ev 2.5   6.4     0.8    -1.40
2645.2571 38115.684 od 3.5   323.432 ev 3.5  11.3     1.2    -1.02
2647.7054 37757.309 od 0.5     0.000 ev 1.5  49.      4.     -0.98
2651.8935 37835.065 od 1.5   137.383 ev 2.5  33.2     2.1    -0.85
2656.2214 37959.695 od 2.5   323.432 ev 3.5  34.      3.     -0.67
2661.4216 38115.684 od 3.5   552.955 ev 4.5  32.      3.     -0.57
2671.6699 37556.034 od 3.5   137.383 ev 2.5   4.2     0.7    -1.45
2678.6568 37644.487 od 4.5   323.432 ev 3.5   4.0     0.7    -1.37
2685.0208 37556.034 od 3.5   323.432 ev 3.5   0.54    0.21   -2.33
2686.5097 37764.923 od 5.5   552.955 ev 4.5   3.5     0.6    -1.34
2722.5542 47611.858 od 4.5 10892.520 ev 3.5 141.     10.     +0.20
2731.3415 47701.807 od 5.5 11100.596 ev 4.5 144.     10.     +0.29
2838.0591 35224.990 od 2.5     0.000 ev 1.5   0.42    0.09   -2.52
2848.7731 35092.518 od 1.5     0.000 ev 1.5  10.1     0.5    -1.31
2849.1718 35224.990 od 2.5   137.383 ev 2.5   7.8     0.4    -1.24
2851.7510 35379.307 od 3.5   323.432 ev 3.5   4.16    0.24   -1.39
2855.2221 35013.259 od 0.5     0.000 ev 1.5  49.9     2.5    -0.91
2859.9700 35092.518 od 1.5   137.383 ev 2.5  35.9     1.8    -0.75
2864.3606 35224.990 od 2.5   323.432 ev 3.5  30.4     1.6    -0.65
2870.5463 35379.307 od 3.5   552.955 ev 4.5  27.9     1.5    -0.56
2887.6905 34619.598 od 2.5     0.000 ev 1.5   0.26    0.06   -2.72
2888.5126 34747.128 od 3.5   137.383 ev 2.5   0.18    0.04   -2.75
2894.5719 34537.299 od 1.5     0.000 ev 1.5   4.27    0.25   -1.67
2898.8117 34486.787 od 2.5     0.000 ev 1.5   0.38    0.05   -2.55
2899.1961 34619.598 od 2.5   137.383 ev 2.5   7.2     0.6    -1.26
2899.5987 34477.427 od 0.5     0.000 ev 1.5  34.0     1.9    -1.07
2903.6966 34428.773 od 1.5     0.000 ev 1.5   6.2     0.4    -1.50
2904.1248 34747.128 od 3.5   323.432 ev 3.5   7.0     0.6    -1.15
2906.1325 34537.299 od 1.5   137.383 ev 2.5  31.0     1.7    -0.80
2910.4063 34486.787 od 2.5   137.383 ev 2.5   4.3     0.3    -1.49
2914.9243 34619.598 od 2.5   323.432 ev 3.5  49.1     2.7    -0.43
2915.3303 34428.773 od 1.5   137.383 ev 2.5   9.0     0.5    -1.34
2919.9202 34374.872 od 3.5   137.383 ev 2.5   1.04    0.07   -1.97
2923.6192 34747.128 od 3.5   552.955 ev 4.5  82.      5.     -0.07
2926.2567 34486.787 od 2.5   323.432 ev 3.5   6.8     0.4    -1.28
2934.6430 34065.731 od 2.5     0.000 ev 1.5   0.53    0.06   -2.39
2935.8747 34374.872 od 3.5   323.432 ev 3.5   8.0     0.4    -1.08
2942.3878 33976.069 od 1.5     0.000 ev 1.5  14.1     0.8    -1.14
2946.5265 34065.731 od 2.5   137.383 ev 2.5   8.8     0.5    -1.16
2954.3342 33976.069 od 1.5   137.383 ev 2.5  16.4     0.9    -1.07
2955.7990 34374.872 od 3.5   552.955 ev 4.5   5.31    0.30   -1.25
2957.3221 34127.931 od 3.5   323.432 ev 3.5   2.07    0.18   -1.66
2962.7738 34065.731 od 2.5   323.432 ev 3.5  37.5     2.1    -0.53
2977.5396 34127.931 od 3.5   552.955 ev 4.5  24.8     1.5    -0.58
2978.9110 42138.062 od 2.5  8578.542 ev 2.5   3.5     0.8    -1.56
2998.6228 41751.931 od 0.5  8413.009 ev 0.5   8.7     2.0    -1.63
3002.6540 42009.912 od 2.5  8715.747 ev 3.5  22.5     2.0    -0.74
3004.3205 41751.931 od 0.5  8476.234 ev 1.5  12.9     1.8    -1.46
3043.1192 32988.845 od 3.5   137.383 ev 2.5  20.1     1.1    -0.65
3043.5491 32846.822 od 2.5     0.000 ev 1.5  22.1     1.2    -0.73
3044.9325 33155.331 od 4.5   323.432 ev 3.5  12.8     0.8    -0.75
3050.8788 32767.911 od 1.5     0.000 ev 1.5  22.2     1.3    -0.91
3053.6542 32738.130 od 1.5     0.000 ev 1.5 137.      7.     -0.12
3056.3328 32846.822 od 2.5   137.383 ev 2.5 133.      7.     +0.05
3060.4522 32988.845 od 3.5   323.432 ev 3.5 146.      8.     +0.21
3063.7243 32767.911 od 1.5   137.383 ev 2.5   5.0     0.3    -1.55
3066.3699 33155.331 od 4.5   552.955 ev 4.5 184.     10.     +0.42
3066.5231 32738.130 od 1.5   137.383 ev 2.5  36.8     2.1    -0.68
3069.6461 32891.013 od 3.5   323.432 ev 3.5  11.6     0.8    -0.88
3073.8172 32846.822 od 2.5   323.432 ev 3.5  35.0     1.9    -0.53
3075.2654 47611.858 od 4.5 15103.784 ev 4.5  98.      8.     +0.14
3075.9326 42138.062 od 2.5  9637.039 ev 1.5  18.6     1.6    -0.80
3082.0064 47701.807 od 5.5 15264.832 ev 5.5  81.      6.     +0.14
3082.1095 32988.845 od 3.5   552.955 ev 4.5  20.5     1.2    -0.63
3087.0637 41928.473 od 0.5  9544.635 ev 0.5  68.      4.     -0.71
3088.1094 42009.912 od 2.5  9637.039 ev 1.5  47.      3.     -0.39
3091.4341 32891.013 od 3.5   552.955 ev 4.5   2.26    0.16   -1.59
3093.7898 42138.062 od 2.5  9824.626 ev 2.5  36.3     2.8    -0.50
3095.8979 41928.473 od 0.5  9637.039 ev 1.5  15.9     1.2    -1.34
3103.9859 41751.931 od 0.5  9544.635 ev 0.5  13.3     2.0    -1.42
3106.1086 42009.912 od 2.5  9824.626 ev 2.5   3.4     0.5    -1.53
3112.9173 41751.931 od 0.5  9637.039 ev 1.5  30.      4.     -1.07
3183.4090 31541.167 od 3.5   137.383 ev 2.5 252.     15.     +0.49
3183.9601 31721.780 od 4.5   323.432 ev 3.5 280.     17.     +0.63
3184.0135 31397.822 od 2.5     0.000 ev 1.5 252.     15.     +0.36
3185.3980 31937.131 od 5.5   552.955 ev 4.5 293.     17.     +0.73
3198.0071 31397.822 od 2.5   137.383 ev 2.5  36.9     2.2    -0.47
3202.3819 31541.167 od 3.5   323.432 ev 3.5  40.4     2.4    -0.30
3205.5745 42079.165 od 4.5 10892.520 ev 3.5 187.     10.     +0.46
3207.4072 31721.780 od 4.5   552.955 ev 4.5  21.8     1.3    -0.47
3211.5745 42020.903 od 3.5 10892.520 ev 3.5   1.82    0.21   -1.65
3212.4300 42220.689 od 5.5 11100.596 ev 4.5 186.     10.     +0.54
3217.1549 31397.822 od 2.5   323.432 ev 3.5   1.27    0.09   -1.93
3226.1021 31541.167 od 3.5   552.955 ev 4.5   0.66    0.05   -2.08
3228.1945 41860.647 od 4.5 10892.520 ev 3.5   2.40    0.25   -1.43
3233.1873 42020.903 od 3.5 11100.596 ev 4.5  26.1     1.7    -0.48
3238.8932 41758.357 od 3.5 10892.520 ev 3.5   1.28    0.15   -1.79
3241.1650 39422.745 od 2.5  8578.542 ev 2.5   4.3     0.4    -1.39
3242.0358 39248.928 od 1.5  8413.009 ev 0.5   1.21    0.23   -2.12
3243.2692 39237.202 od 0.5  8413.009 ev 0.5   7.1     0.6    -1.65
3246.8240 39266.680 od 1.5  8476.234 ev 1.5   1.02    0.24   -2.19
3248.6971 39248.928 od 1.5  8476.234 ev 1.5   4.9     0.6    -1.51
3249.9355 39237.202 od 0.5  8476.234 ev 1.5   6.7     0.6    -1.67
3250.0324 41860.647 od 4.5 11100.596 ev 4.5   2.47    0.25   -1.41
3255.6477 39422.745 od 2.5  8715.747 ev 3.5  15.2     1.0    -0.84
3259.5342 39248.928 od 1.5  8578.542 ev 2.5   7.8     0.6    -1.30
3263.2376 30635.580 od 2.5     0.000 ev 1.5   8.6     1.1    -1.08
3271.6337 30694.344 od 3.5   137.383 ev 2.5   6.4     0.4    -1.08
3273.0124 41436.610 od 3.5 10892.520 ev 3.5  24.0     2.0    -0.51
3277.9378 30635.580 od 2.5   137.383 ev 2.5   0.9     0.3    -2.04
3283.3096 30771.732 od 4.5   323.432 ev 3.5   4.5     0.3    -1.14
3291.6761 30694.344 od 3.5   323.432 ev 3.5   0.58    0.06   -2.12
3295.4629 41436.610 od 3.5 11100.596 ev 4.5   0.93    0.11   -1.92
3298.1473 30864.279 od 5.5   552.955 ev 4.5   2.86    0.24   -1.25
3299.0850 39847.344 od 1.5  9544.635 ev 0.5   7.8     0.6    -1.29
3299.9690 40119.218 od 2.5  9824.626 ev 2.5   2.30    0.26   -1.65
3308.2485 30771.732 od 4.5   552.955 ev 4.5   0.159   0.012  -2.58
3309.1762 39847.344 od 1.5  9637.039 ev 1.5  25.3     1.5    -0.78
3313.0108 39999.966 od 2.5  9824.626 ev 2.5   1.24    0.20   -1.91
3320.1398 39935.176 od 1.5  9824.626 ev 2.5   5.2     0.5    -1.46
3329.8532 39847.344 od 1.5  9824.626 ev 2.5  77.      4.     -0.29
3356.3505 39422.745 od 2.5  9637.039 ev 1.5  24.2     1.4    -0.61
3363.5396 39266.680 od 1.5  9544.635 ev 0.5   4.2     0.4    -1.54
3365.5498 39248.928 od 1.5  9544.635 ev 0.5  39.8     2.3    -0.57
3366.8790 39237.202 od 0.5  9544.635 ev 0.5  13.2     1.2    -1.35
3374.0296 39266.680 od 1.5  9637.039 ev 1.5   4.3     0.6    -1.54
3376.0524 39248.928 od 1.5  9637.039 ev 1.5  21.6     1.4    -0.83
3377.3898 39237.202 od 0.5  9637.039 ev 1.5  66.      4.     -0.65
3377.6231 39422.745 od 2.5  9824.626 ev 2.5  62.      3.     -0.20
3384.5961 38115.684 od 3.5  8578.542 ev 2.5   2.94    0.24   -1.39
3390.7587 37959.695 od 2.5  8476.234 ev 1.5   5.5     0.4    -1.24
3395.5276 39266.680 od 1.5  9824.626 ev 2.5   1.77    0.22   -1.91
3397.5762 39248.928 od 1.5  9824.626 ev 2.5  12.6     0.8    -1.06
3397.8356 37835.065 od 1.5  8413.009 ev 0.5   5.7     0.6    -1.40
3399.1810 31721.780 od 4.5  2311.369 ev 3.5   0.33    0.04   -2.25
3400.3920 38115.684 od 3.5  8715.747 ev 3.5  19.1     1.5    -0.58
3402.5660 37959.695 od 2.5  8578.542 ev 2.5  14.9     1.1    -0.81
3405.1531 37835.065 od 1.5  8476.234 ev 1.5  10.2     1.2    -1.15
3406.8394 37757.309 od 0.5  8413.009 ev 0.5  14.4     1.0    -1.30
3414.1958 37757.309 od 0.5  8476.234 ev 1.5  15.8     1.4    -1.26
3417.0611 37835.065 od 1.5  8578.542 ev 2.5   9.2     1.1    -1.19
3496.9306 47611.858 od 4.5 19023.531 ev 4.5  24.6     3.0    -0.35
3500.8087 47701.807 od 5.5 19145.148 ev 5.5  22.8     2.5    -0.30
3529.7333 37959.695 od 2.5  9637.039 ev 1.5  48.5     2.9    -0.26
3533.6758 38115.684 od 3.5  9824.626 ev 2.5  63.      4.     -0.03
3533.7542 37835.065 od 1.5  9544.635 ev 0.5  28.0     2.8    -0.68
3543.4937 37757.309 od 0.5  9544.635 ev 0.5  59.      4.     -0.65
3545.3345 37835.065 od 1.5  9637.039 ev 1.5  31.      3.     -0.64
3553.2680 37959.695 od 2.5  9824.626 ev 2.5  18.4     1.2    -0.68
3569.0784 37835.065 od 1.5  9824.626 ev 2.5   2.6     0.3    -1.69
3586.4938 30094.585 od 1.5  2220.156 ev 2.5   0.046   0.008  -3.45
3639.0212 42020.903 od 3.5 14548.816 ev 2.5  23.5     1.6    -0.43
3654.8236 38245.829 od 3.5 10892.520 ev 3.5   0.40    0.06   -2.19
3663.5915 43649.336 ev 2.5 16361.489 od 1.5 151.      8.     +0.26
3667.7379 43706.874 ev 3.5 16449.875 od 2.5 146.      7.     +0.37
3671.2027 38123.795 od 4.5 10892.520 ev 3.5  18.1     1.5    -0.44
3673.4028 43787.604 ev 4.5 16572.638 od 3.5 151.      8.     +0.49
3675.4969 43649.336 ev 2.5 16449.875 od 2.5  18.2     1.2    -0.65
3675.6993 29418.119 od 3.5  2220.156 ev 2.5   5.5     0.3    -1.05
3680.1128 43894.149 ev 5.5 16728.803 od 4.5 154.      8.     +0.57
3683.1142 29296.430 od 2.5  2153.221 ev 1.5  17.6     0.9    -0.67
3684.3322 43706.874 ev 3.5 16572.638 od 3.5  16.7     1.0    -0.57
3686.2571 38220.663 od 5.5 11100.596 ev 4.5  18.5     1.5    -0.34
3686.6870 42220.689 od 5.5 15103.784 ev 4.5   1.24    0.16   -1.52
3687.4827 44028.264 ev 6.5 16917.210 od 5.5 160.      8.     +0.66
3688.0682 29418.119 od 3.5  2311.369 ev 3.5  32.0     1.6    -0.28
3688.8144 36925.893 od 3.5  9824.626 ev 2.5   0.17    0.03   -2.55
3690.2794 29202.790 od 1.5  2112.282 ev 0.5  44.0     2.2    -0.44
3692.2194 29296.430 od 2.5  2220.156 ev 2.5  54.6     2.7    -0.17
3695.3391 44189.954 ev 7.5 17136.538 od 6.5 175.      9.     +0.76
3695.8647 29202.790 od 1.5  2153.221 ev 1.5  62.      3.     -0.29
3699.4713 38123.795 od 4.5 11100.596 ev 4.5   1.57    0.16   -1.49
3703.5678 29418.119 od 3.5  2424.809 ev 4.5 112.      6.     +0.26
3704.6999 29296.430 od 2.5  2311.369 ev 3.5  77.      4.     -0.02
3705.0332 29202.790 od 1.5  2220.156 ev 2.5  41.8     2.3    -0.46
3705.8153 43894.149 ev 5.5 16917.210 od 5.5   7.2     0.6    -0.75
3706.0294 42079.165 od 4.5 15103.784 ev 4.5  21.9     1.9    -0.35
3708.7137 42220.689 od 5.5 15264.832 ev 5.5  25.0     2.1    -0.21
3714.8560 41860.647 od 4.5 14949.359 ev 4.5   1.70    0.26   -1.45
3717.5584 44028.264 ev 6.5 17136.538 od 6.5   2.99    0.25   -1.06
3721.9898 41860.647 od 4.5 15000.937 ev 5.5  17.9     1.0    -0.43
3723.3239 41928.473 od 0.5 15078.387 ev 0.5  24.4     1.9    -0.99
3723.5578 41758.357 od 3.5 14909.958 ev 3.5   1.93    0.18   -1.49
3729.0305 41758.357 od 3.5 14949.359 ev 4.5  20.1     1.4    -0.47
3730.1760 35379.307 od 3.5  8578.542 ev 2.5   0.61    0.08   -1.99
3737.4290 35224.990 od 2.5  8476.234 ev 1.5   1.34    0.20   -1.77
3738.7465 42009.912 od 2.5 15270.582 ev 1.5  42.4     2.5    -0.27
3747.1298 35092.518 od 1.5  8413.009 ev 0.5   1.85    0.27   -1.81
3749.3712 35379.307 od 3.5  8715.747 ev 3.5   3.8     0.6    -1.19
3750.1686 41928.473 od 0.5 15270.582 ev 1.5   9.5     1.5    -1.40
3751.7791 35224.990 od 2.5  8578.542 ev 2.5   3.5     0.6    -1.36
3756.0310 35092.518 od 1.5  8476.234 ev 1.5   2.9     0.4    -1.61
3758.2951 35013.259 od 0.5  8413.009 ev 0.5   4.4     0.5    -1.73
3758.9219 41860.647 od 4.5 15264.832 ev 5.5   1.7     0.3    -1.45
3763.1368 42138.062 od 2.5 15572.035 ev 2.5  33.5     2.2    -0.37
3767.2496 35013.259 od 0.5  8476.234 ev 1.5   3.8     0.4    -1.79
3770.5246 35092.518 od 1.5  8578.542 ev 2.5   2.4     0.4    -1.69
3771.1978 35224.990 od 2.5  8715.747 ev 3.5   0.99    0.17   -1.90
3772.4403 41501.449 od 4.5 15000.937 ev 5.5   0.87    0.14   -1.73
3775.1702 41751.931 od 0.5 15270.582 ev 1.5  53.      5.     -0.64
3776.8701 37361.951 od 4.5 10892.520 ev 3.5   0.96    0.08   -1.69
3778.6771 28768.142 od 4.5  2311.369 ev 3.5   4.66    0.23   -1.00
3781.3779 42009.912 od 2.5 15572.035 ev 2.5  21.0     1.4    -0.57
3784.6685 26738.323 od 4.5   323.432 ev 3.5   0.110   0.010  -2.63
3784.8201 42138.062 od 2.5 15724.229 ev 3.5   7.0     0.6    -1.04
3787.1383 41501.449 od 4.5 15103.784 ev 4.5   9.2     0.9    -0.70
3790.3237 28595.637 od 3.5  2220.156 ev 2.5   8.6     0.4    -0.83
3791.3171 26505.953 od 2.5   137.383 ev 2.5   0.133   0.010  -2.76
3793.6099 26352.634 od 2.5     0.000 ev 1.5   0.79    0.04   -1.99
3794.9493 28768.142 od 4.5  2424.809 ev 4.5  20.5     1.0    -0.35
3795.0113 26480.286 od 3.5   137.383 ev 2.5   0.41    0.05   -2.15
3796.4636 41436.610 od 3.5 15103.784 ev 4.5   8.8     0.6    -0.82
3798.6504 40119.218 od 2.5 13801.551 ev 1.5   7.0     0.6    -1.04
3799.9082 28462.177 od 2.5  2153.221 ev 1.5  11.1     0.6    -0.84
3802.8758 37180.946 od 4.5 10892.520 ev 3.5   1.13    0.15   -1.61
3803.4774 28595.637 od 3.5  2311.369 ev 3.5  12.1     0.6    -0.68
3803.8961 26604.807 od 3.5   323.432 ev 3.5   0.53    0.04   -2.04
3806.4602 41928.473 od 0.5 15664.801 ev 1.5  14.8     1.6    -1.19
3806.7960 37361.951 od 4.5 11100.596 ev 4.5  18.3     1.2    -0.40
3807.5041 28368.753 od 1.5  2112.282 ev 0.5  11.1     0.6    -1.01
3808.5188 26249.476 od 1.5     0.000 ev 1.5  14.3     0.7    -0.90
3809.6008 28462.177 od 2.5  2220.156 ev 2.5   5.02    0.25   -1.18
3813.4911 26352.634 od 2.5   137.383 ev 2.5  13.2     0.7    -0.76
3815.5152 28313.626 od 0.5  2112.282 ev 0.5   6.2     0.3    -1.56
3817.8432 26738.323 od 4.5   552.955 ev 4.5   1.15    0.07   -1.60
3817.9754 37285.057 od 4.5 11100.596 ev 4.5   8.0     0.5    -0.76
3818.2414 26182.637 od 0.5     0.000 ev 1.5  67.      3.     -0.53
3819.9643 28595.637 od 3.5  2424.809 ev 4.5   5.89    0.30   -0.99
3820.2916 34747.128 od 3.5  8578.542 ev 2.5   5.6     0.6    -1.01
3821.4863 28313.626 od 0.5  2153.221 ev 1.5  21.9     1.1    -1.02
3822.0052 26480.286 od 3.5   323.432 ev 3.5   7.9     0.4    -0.86
3822.8888 28462.177 od 2.5  2311.369 ev 3.5  11.2     0.6    -0.83
3823.2121 28368.753 od 1.5  2220.156 ev 2.5  16.4     0.8    -0.84
3823.9774 34619.598 od 2.5  8476.234 ev 1.5   5.6     0.6    -1.14
3824.9936 41860.647 od 4.5 15724.229 ev 3.5   2.06    0.16   -1.35
3825.4024 39935.176 od 1.5 13801.551 ev 1.5   2.2     0.4    -1.72
3828.5569 26249.476 od 1.5   137.383 ev 2.5  51.5     2.6    -0.34
3833.2169 37180.946 od 4.5 11100.596 ev 4.5   1.61    0.12   -1.45
3834.8130 41758.357 od 3.5 15688.862 ev 2.5   2.12    0.19   -1.43
3835.5600 34477.427 od 0.5  8413.009 ev 0.5   9.0     0.9    -1.40
3836.0535 34537.299 od 1.5  8476.234 ev 1.5   8.0     0.8    -1.15
3839.0010 34619.598 od 2.5  8578.542 ev 2.5  18.0     1.7    -0.62
3840.0227 41758.357 od 3.5 15724.229 ev 3.5   2.5     0.5    -1.35
3840.1340 36925.893 od 3.5 10892.520 ev 3.5  12.5     0.7    -0.65
3840.4279 34747.128 od 3.5  8715.747 ev 3.5  40.      3.     -0.15
3840.7494 26352.634 od 2.5   323.432 ev 3.5  51.9     2.7    -0.16
3841.8907 26344.902 od 4.5   323.432 ev 3.5   0.90    0.06   -1.70
3842.7333 34428.773 od 1.5  8413.009 ev 0.5   3.4     0.3    -1.52
3843.5032 34486.787 od 2.5  8476.234 ev 1.5   2.72    0.28   -1.44
3844.4372 26004.234 od 2.5     0.000 ev 1.5   6.0     0.4    -1.10
3844.8868 34477.427 od 0.5  8476.234 ev 1.5   8.8     0.9    -1.41
3847.3257 26122.094 od 3.5   137.383 ev 2.5   4.53    0.28   -1.09
3851.1724 34537.299 od 1.5  8578.542 ev 2.5   6.3     0.7    -1.25
3852.0951 34428.773 od 1.5  8476.234 ev 1.5   1.99    0.20   -1.75
3855.3627 25930.544 od 1.5     0.000 ev 1.5  33.9     2.0    -0.52
3855.8404 26480.286 od 3.5   552.955 ev 4.5  56.6     3.0    +0.00
3858.6810 34486.787 od 2.5  8578.542 ev 2.5   3.0     0.4    -1.40
3859.3356 34619.598 od 2.5  8715.747 ev 3.5   5.6     0.6    -1.12
3862.2173 26021.907 od 3.5   137.383 ev 2.5   1.07    0.07   -1.72
3863.8597 36766.041 od 2.5 10892.520 ev 3.5  24.1     1.3    -0.49
3864.8561 26004.234 od 2.5   137.383 ev 2.5  27.0     1.6    -0.44
3867.6021 26171.918 od 4.5   323.432 ev 3.5   2.41    0.16   -1.27
3871.0750 36925.893 od 3.5 11100.596 ev 4.5  23.3     1.2    -0.38
3875.0716 26122.094 od 3.5   323.432 ev 3.5  22.7     1.4    -0.39
3875.4219 34374.872 od 3.5  8578.542 ev 2.5   3.4     0.3    -1.22
3875.8981 25930.544 od 1.5   137.383 ev 2.5   8.7     0.5    -1.11
3876.0805 26344.902 od 4.5   552.955 ev 4.5   8.5     0.5    -0.72
3879.2251 34486.787 od 2.5  8715.747 ev 3.5   1.44    0.25   -1.71
3885.3131 41501.449 od 4.5 15770.789 ev 4.5   1.23    0.19   -1.55
3890.1792 26021.907 od 3.5   323.432 ev 3.5   6.4     0.4    -0.94
3892.8564 26004.234 od 2.5   323.432 ev 3.5   8.0     0.5    -0.96
3896.1452 34374.872 od 3.5  8715.747 ev 3.5   4.0     0.4    -1.13
3898.1317 36538.569 od 4.5 10892.520 ev 3.5   2.30    0.14   -1.28
3902.2531 26171.918 od 4.5   552.955 ev 4.5  26.1     1.6    -0.22
3904.4632 40119.218 od 2.5 14514.756 ev 1.5   9.8     0.7    -0.87
3906.7466 34065.731 od 2.5  8476.234 ev 1.5   7.5     0.7    -0.98
3909.6641 40119.218 od 2.5 14548.816 ev 2.5  14.3     1.0    -0.71
3909.8572 26122.094 od 3.5   552.955 ev 4.5   4.02    0.25   -1.13
3910.7871 33976.069 od 1.5  8413.009 ev 0.5   6.9     0.7    -1.20
3912.8797 34127.931 od 3.5  8578.542 ev 2.5   2.12    0.22   -1.41
3915.1165 40535.729 od 6.5 15000.937 ev 5.5   1.85    0.14   -1.23
3920.4838 33976.069 od 1.5  8476.234 ev 1.5   6.2     0.6    -1.24
3922.4291 34065.731 od 2.5  8578.542 ev 2.5  19.8     1.7    -0.56
3924.6494 40535.729 od 6.5 15062.959 ev 6.5  33.9     1.8    +0.04
3925.2378 26021.907 od 3.5   552.955 ev 4.5   0.92    0.06   -1.77
3928.4667 43706.874 ev 3.5 18258.855 od 2.5   6.4     0.8    -0.93
3930.0181 36538.569 od 4.5 11100.596 ev 4.5  30.8     1.8    -0.15
3931.3349 40378.812 od 4.5 14949.359 ev 4.5  31.0     1.7    -0.14
3933.5486 43787.604 ev 4.5 18372.462 od 3.5   8.4     0.9    -0.71
3934.0065 34127.931 od 3.5  8715.747 ev 3.5  18.1     1.4    -0.47
3935.1308 40314.882 od 3.5 14909.958 ev 3.5  31.9     1.9    -0.23
3936.2769 33976.069 od 1.5  8578.542 ev 2.5   5.9     0.6    -1.26
3938.8795 43894.149 ev 5.5 18513.403 od 4.5   8.2     0.5    -0.64
3939.3251 40378.812 od 4.5 15000.937 ev 5.5  11.0     0.7    -0.59
3941.2435 40314.882 od 3.5 14949.359 ev 4.5   8.0     0.6    -0.82
3943.6594 34065.731 od 2.5  8715.747 ev 3.5   5.9     0.6    -1.09
3943.9379 44028.264 ev 6.5 18680.070 od 5.5   5.2     0.7    -0.77
3963.6077 47701.807 od 5.5 22479.403 ev 6.5  46.      6.     +0.12
3965.6743 40119.218 od 2.5 14909.958 ev 3.5   0.74    0.12   -1.98
3980.5089 47611.858 od 4.5 22496.546 ev 5.5  45.      6.     +0.03
3984.5865 40038.970 od 4.5 14949.359 ev 4.5  13.5     0.7    -0.49
3988.8273 40063.874 od 5.5 15000.937 ev 5.5   9.3     0.5    -0.57
3990.5382 39962.150 od 2.5 14909.958 ev 3.5  92.      5.     +0.12
3992.7949 40038.970 od 4.5 15000.937 ev 5.5  86.      5.     +0.31
3998.7230 40063.874 od 5.5 15062.959 ev 6.5  92.      5.     +0.42
4001.6611 34619.598 od 2.5  9637.039 ev 1.5   0.16    0.03   -2.65
4011.3043 34747.128 od 3.5  9824.626 ev 2.5   1.09    0.12   -1.68
4017.4887 34428.773 od 1.5  9544.635 ev 0.5   0.136   0.025  -2.88
4019.1376 39422.745 od 2.5 14548.816 ev 2.5   0.49    0.08   -2.15
4021.9091 39935.176 od 1.5 15078.387 ev 0.5  10.2     0.8    -1.00
4023.0487 34486.787 od 2.5  9637.039 ev 1.5   0.36    0.06   -2.29
4029.8888 25131.002 od 2.5   323.432 ev 3.5   0.102   0.013  -2.83
4031.2167 39877.786 od 0.5 15078.387 ev 0.5  24.1     2.0    -0.93
4032.8426 24789.401 od 0.5     0.000 ev 1.5   0.30    0.03   -2.84
4040.2913 41860.647 od 4.5 17116.947 ev 3.5   4.07    0.27   -1.00
4042.6303 39999.966 od 2.5 15270.582 ev 1.5  18.3     1.3    -0.57
4046.8771 41758.357 od 3.5 17054.924 ev 2.5   5.1     0.4    -1.00
4047.4213 39248.928 od 1.5 14548.816 ev 2.5   2.2     0.5    -1.67
4048.6136 24830.221 od 1.5   137.383 ev 2.5   0.292   0.026  -2.54
4050.9537 41860.647 od 4.5 17182.073 ev 4.5  70.      4.     +0.24
4052.4475 24992.909 od 3.5   323.432 ev 3.5   0.047   0.006  -3.03
4053.2498 39935.176 od 1.5 15270.582 ev 1.5  12.2     1.1    -0.92
4057.0634 41758.357 od 3.5 17116.947 ev 3.5  75.      4.     +0.17
4060.8263 41860.647 od 4.5 17242.070 ev 5.5   2.39    0.29   -1.23
4062.7032 39877.786 od 0.5 15270.582 ev 1.5   6.3     1.0    -1.51
4067.7356 39847.344 od 1.5 15270.582 ev 1.5  11.9     1.1    -0.93
4067.9657 24898.804 od 2.5   323.432 ev 3.5   0.235   0.019  -2.46
4072.1291 34374.872 od 3.5  9824.626 ev 2.5   1.43    0.17   -1.55
4090.5680 33155.331 od 4.5  8715.747 ev 3.5  50.      4.     +0.10
4091.9326 33976.069 od 1.5  9544.635 ev 0.5   2.9     0.3    -1.53
4092.3919 34065.731 od 2.5  9637.039 ev 1.5  10.8     1.1    -0.79
4092.5194 39999.966 od 2.5 15572.035 ev 2.5  13.3     1.5    -0.70
4092.6831 26738.323 od 4.5  2311.369 ev 3.5  22.4     1.1    -0.25
4095.4749 32988.845 od 3.5  8578.542 ev 2.5  39.      4.     -0.11
4098.4767 39341.784 od 3.5 14949.359 ev 4.5   0.68    0.08   -1.87
4099.7833 26604.807 od 3.5  2220.156 ev 2.5  39.1     2.0    -0.10
4102.1491 32846.822 od 2.5  8476.234 ev 1.5  35.      3.     -0.28
4103.4030 39935.176 od 1.5 15572.035 ev 2.5   7.1     0.8    -1.14
4105.1570 26505.953 od 2.5  2153.221 ev 1.5  48.1     2.4    -0.14
4107.4681 33976.069 od 1.5  9637.039 ev 1.5   3.8     0.4    -1.42
4109.7575 26437.754 od 1.5  2112.282 ev 0.5  46.4     2.3    -0.33
4109.8168 32738.130 od 1.5  8413.009 ev 0.5  31.4     2.9    -0.50
4110.7391 41436.610 od 3.5 17116.947 ev 3.5   2.69    0.17   -1.26
4111.5713 40038.970 od 4.5 15724.229 ev 3.5   7.9     0.5    -0.70
4111.7788 26738.323 od 4.5  2424.809 ev 4.5 100.      5.     +0.40
4112.1864 39999.966 od 2.5 15688.862 ev 2.5  11.7     0.9    -0.75
4113.5060 34127.931 od 3.5  9824.626 ev 2.5  12.9     1.2    -0.58
4115.1768 26604.807 od 3.5  2311.369 ev 3.5  55.8     2.8    +0.05
4115.4751 32767.911 od 1.5  8476.234 ev 1.5   2.04    0.30   -1.68
4116.4716 26505.953 od 2.5  2220.156 ev 2.5  21.5     1.1    -0.48
4116.5472 26397.633 od 0.5  2112.282 ev 0.5  27.6     1.4    -0.85
4116.6859 26437.754 od 1.5  2153.221 ev 1.5   1.47    0.09   -1.83
4118.1775 39999.966 od 2.5 15724.229 ev 3.5  59.      4.     -0.05
4118.2501 39847.344 od 1.5 15572.035 ev 2.5  30.      3.     -0.52
4118.6253 32988.845 od 3.5  8715.747 ev 3.5   8.5     0.9    -0.76
4119.0874 39935.176 od 1.5 15664.801 ev 1.5   9.3     0.7    -1.03
4119.4430 32846.822 od 2.5  8578.542 ev 2.5  13.2     1.4    -0.70
4120.5269 32738.130 od 1.5  8476.234 ev 1.5  12.1     1.3    -0.91
4120.9544 41501.449 od 4.5 17242.070 ev 5.5   5.5     0.4    -0.86
4121.7771 41436.610 od 3.5 17182.073 ev 4.5   0.82    0.12   -1.78
4123.1750 39935.176 od 1.5 15688.862 ev 2.5  56.      4.     -0.24
4123.4985 26397.633 od 0.5  2153.221 ev 1.5  94.      5.     -0.32
4124.0611 34065.731 od 2.5  9824.626 ev 2.5   4.6     0.5    -1.15
4128.0642 26437.754 od 1.5  2220.156 ev 2.5  72.      4.     -0.13
4128.8507 39877.786 od 0.5 15664.801 ev 1.5  88.      6.     -0.35
4131.1663 26352.634 od 2.5  2153.221 ev 1.5   0.133   0.021  -2.69
4131.9909 26505.953 od 2.5  2311.369 ev 3.5  52.3     2.6    -0.09
4132.8817 32767.911 od 1.5  8578.542 ev 2.5   0.52    0.09   -2.28
4134.4835 26604.807 od 3.5  2424.809 ev 4.5  28.6     1.4    -0.23
4135.2928 32891.013 od 3.5  8715.747 ev 3.5   0.40    0.06   -2.09
4136.1012 39248.928 od 1.5 15078.387 ev 0.5  19.2     1.7    -0.70
4136.3791 26480.286 od 3.5  2311.369 ev 3.5   0.26    0.03   -2.27
4137.9764 32738.130 od 1.5  8578.542 ev 2.5   0.62    0.15   -2.20
4138.1088 39237.202 od 0.5 15078.387 ev 0.5   6.9     0.8    -1.45
4138.1658 39847.344 od 1.5 15688.862 ev 2.5   1.9     0.4    -1.70
4138.2237 37959.695 od 2.5 13801.551 ev 1.5   0.71    0.12   -1.96
4139.2485 39422.745 od 2.5 15270.582 ev 1.5  15.9     2.3    -0.61
4141.8156 26249.476 od 1.5  2112.282 ev 0.5   0.195   0.023  -2.70
4142.6250 26352.634 od 2.5  2220.156 ev 2.5   0.173   0.015  -2.57
4148.8526 26249.476 od 1.5  2153.221 ev 1.5   0.292   0.020  -2.52
4153.3169 26182.637 od 0.5  2112.282 ev 0.5   0.58    0.06   -2.52
4159.6803 26344.902 od 4.5  2311.369 ev 3.5   0.71    0.05   -1.73
4169.2542 39248.928 od 1.5 15270.582 ev 1.5   7.3     0.7    -1.12
4171.2941 39237.202 od 0.5 15270.582 ev 1.5  31.      3.     -0.79
4179.4078 26344.902 od 4.5  2424.809 ev 4.5   1.46    0.10   -1.42
4182.5824 26122.094 od 3.5  2220.156 ev 2.5   1.21    0.08   -1.59
4189.8377 26171.918 od 4.5  2311.369 ev 3.5   1.21    0.09   -1.50
4191.5129 26004.234 od 2.5  2153.221 ev 1.5   0.65    0.09   -1.99
4191.5662 39422.745 od 2.5 15572.035 ev 2.5  20.6     1.7    -0.49
4197.2765 25930.544 od 1.5  2112.282 ev 0.5   0.138   0.021  -2.84
4198.6051 26122.094 od 3.5  2311.369 ev 3.5   0.324   0.028  -2.16
4200.1882 26021.907 od 3.5  2220.156 ev 2.5   0.245   0.017  -2.29
4204.5034 25930.544 od 1.5  2153.221 ev 1.5   0.042   0.008  -3.35
4209.8530 26171.918 od 4.5  2424.809 ev 4.5   1.57    0.11   -1.38
4216.3464 26021.907 od 3.5  2311.369 ev 3.5   0.043   0.003  -3.04
4219.4915 26004.234 od 2.5  2311.369 ev 3.5   0.159   0.015  -2.59
4222.3379 39248.928 od 1.5 15572.035 ev 2.5   5.8     0.9    -1.21
4224.1297 39391.079 od 4.5 15724.229 ev 3.5  10.0     0.6    -0.57
4226.6171 39341.784 od 3.5 15688.862 ev 2.5  16.4     1.4    -0.45
4232.4564 39391.079 od 4.5 15770.789 ev 4.5  65.      4.     +0.24
4232.9466 39341.784 od 3.5 15724.229 ev 3.5  53.      3.     +0.06
4235.7581 39266.680 od 1.5 15664.801 ev 1.5  54.      3.     -0.23
4236.6163 26021.907 od 3.5  2424.809 ev 4.5   0.046   0.004  -3.00
4238.9464 39248.928 od 1.5 15664.801 ev 1.5   5.8     0.7    -1.21
4240.0807 39266.680 od 1.5 15688.862 ev 2.5  16.0     1.0    -0.76
4241.3081 39341.784 od 3.5 15770.789 ev 4.5   7.4     0.5    -0.80
4257.3630 38483.045 od 6.5 15000.937 ev 5.5   6.7     0.3    -0.59
4262.1549 38405.067 od 5.5 14949.359 ev 4.5   9.7     0.5    -0.50
4268.6378 38483.045 od 6.5 15062.959 ev 6.5  94.      5.     +0.55
4269.7535 38323.924 od 4.5 14909.958 ev 3.5   8.1     0.5    -0.66
4270.3166 37959.695 od 2.5 14548.816 ev 2.5  19.      4.     -0.50
4271.5480 38405.067 od 5.5 15000.937 ev 5.5  81.      4.     +0.42
4276.9509 38323.924 od 4.5 14949.359 ev 4.5  75.      4.     +0.32
4282.8981 38405.067 od 5.5 15062.959 ev 6.5   5.8     0.3    -0.72
4284.0428 38245.829 od 3.5 14909.958 ev 3.5  86.      4.     +0.28
4286.4094 38323.924 od 4.5 15000.937 ev 5.5   8.4     0.4    -0.64
4291.2885 38245.829 od 3.5 14949.359 ev 4.5   7.3     0.4    -0.80
4291.8064 40535.729 od 6.5 17242.070 ev 5.5  66.      3.     +0.41
4297.6724 40378.812 od 4.5 17116.947 ev 3.5  63.      3.     +0.24
4298.0248 40314.882 od 3.5 17054.924 ev 2.5  58.      3.     +0.11
4304.8138 32767.911 od 1.5  9544.635 ev 0.5   0.116   0.020  -2.89
4305.3952 38323.924 od 4.5 15103.784 ev 4.5   1.31    0.12   -1.44
4305.4720 38220.663 od 5.5 15000.937 ev 5.5   3.4     0.3    -0.95
4306.5642 38123.795 od 4.5 14909.958 ev 3.5   0.90    0.11   -1.60
4307.1723 23210.560 od 2.5     0.000 ev 1.5   1.13    0.06   -1.72
4309.5164 40314.882 od 3.5 17116.947 ev 3.5   7.5     0.5    -0.78
4309.7942 23519.872 od 4.5   323.432 ev 3.5   0.76    0.04   -1.67
4313.8864 38123.795 od 4.5 14949.359 ev 4.5   3.2     0.3    -1.04
4319.9244 38245.829 od 3.5 15103.784 ev 4.5   0.51    0.08   -1.94
4320.2623 38405.067 od 5.5 15264.832 ev 5.5   0.98    0.10   -1.48
4323.5091 38123.795 od 4.5 15000.937 ev 5.5   0.25    0.06   -2.15
4324.6274 38220.663 od 5.5 15103.784 ev 4.5   0.142   0.021  -2.32
4330.0229 23088.074 od 1.5     0.000 ev 1.5   5.26    0.26   -1.23
4332.3747 42220.689 od 5.5 19145.148 ev 5.5   6.0     0.9    -0.69
4332.8186 23210.560 od 2.5   137.383 ev 2.5   4.64    0.23   -1.11
4334.0941 32891.013 od 3.5  9824.626 ev 2.5   1.40    0.17   -1.50
4336.1155 42079.165 od 4.5 19023.531 ev 4.5   6.1     0.9    -0.77
4342.8257 38123.795 od 4.5 15103.784 ev 4.5   7.9     0.6    -0.65
4350.8074 25131.002 od 2.5  2153.221 ev 1.5   0.231   0.023  -2.41
4352.8654 23519.872 od 4.5   552.955 ev 4.5   6.1     0.3    -0.76
4353.3255 36766.041 od 2.5 13801.551 ev 1.5   2.43    0.16   -1.38
4354.9676 38220.663 od 5.5 15264.832 ev 5.5   8.6     0.6    -0.53
4355.9429 23088.074 od 1.5   137.383 ev 2.5   1.03    0.05   -1.93
4363.5186 25131.002 od 2.5  2220.156 ev 2.5   0.59    0.06   -2.00
4364.2082 39962.150 od 2.5 17054.924 ev 2.5  17.4     1.5    -0.52
4368.0407 23210.560 od 2.5   323.432 ev 3.5   1.06    0.05   -1.74
4369.0576 40063.874 od 5.5 17182.073 ev 4.5   3.05    0.22   -0.98
4373.4227 38123.795 od 4.5 15264.832 ev 5.5   0.42    0.07   -1.92
4373.8180 40038.970 od 4.5 17182.073 ev 4.5  14.6     0.9    -0.38
4376.0569 39962.150 od 2.5 17116.947 ev 3.5   3.1     0.4    -1.27
4379.2304 25253.457 od 5.5  2424.809 ev 4.5 111.      6.     +0.58
4380.5437 40063.874 od 5.5 17242.070 ev 5.5  17.2     1.0    -0.23
4381.7418 37764.923 od 5.5 14949.359 ev 4.5   0.65    0.07   -1.65
4384.1813 24915.151 od 1.5  2112.282 ev 0.5   0.35    0.04   -2.40
4384.7130 25111.473 od 4.5  2311.369 ev 3.5  90.      5.     +0.41
4385.3293 40038.970 od 4.5 17242.070 ev 5.5   3.5     0.7    -0.99
4388.0944 41860.647 od 4.5 19078.112 ev 3.5   2.21    0.27   -1.19
4389.9793 24992.909 od 3.5  2220.156 ev 2.5  71.      4.     +0.22
4391.6700 37764.923 od 5.5 15000.937 ev 5.5   2.09    0.13   -1.14
4392.0667 24915.151 od 1.5  2153.221 ev 1.5   1.04    0.11   -1.92
4393.0804 37835.065 od 1.5 15078.387 ev 0.5  11.0     1.8    -0.90
4395.2233 24898.804 od 2.5  2153.221 ev 1.5  52.1     2.6    -0.04
4397.8436 41758.357 od 3.5 19026.326 ev 2.5   1.58    0.21   -1.43
4400.5717 24830.221 od 1.5  2112.282 ev 0.5  34.7     1.7    -0.39
4403.6683 37764.923 od 5.5 15062.959 ev 6.5   6.1     0.3    -0.67
4406.6382 25111.473 od 4.5  2424.809 ev 4.5  19.4     1.0    -0.25
4407.6338 24992.909 od 3.5  2311.369 ev 3.5  36.5     1.8    -0.07
4408.1958 24898.804 od 2.5  2220.156 ev 2.5  50.9     2.6    -0.05
4408.4931 24789.401 od 0.5  2112.282 ev 0.5  80.      4.     -0.33
4408.5162 24830.221 od 1.5  2153.221 ev 1.5  60.      3.     -0.15
4412.1369 24770.673 od 0.5  2112.282 ev 0.5   4.5     0.4    -1.58
4414.5363 37556.034 od 3.5 14909.958 ev 3.5   2.86    0.19   -1.17
4415.0287 37644.487 od 4.5 15000.937 ev 5.5   4.96    0.29   -0.84
4416.4662 24789.401 od 0.5  2153.221 ev 1.5  25.4     1.4    -0.83
4416.8374 38405.067 od 5.5 15770.789 ev 4.5   0.63    0.09   -1.66
4419.9337 24838.578 od 3.5  2220.156 ev 2.5   1.22    0.06   -1.54
4421.5674 24830.221 od 1.5  2220.156 ev 2.5  13.3     0.7    -0.81
4422.2305 37556.034 od 3.5 14949.359 ev 4.5   4.91    0.28   -0.94
4425.9974 24898.804 od 2.5  2311.369 ev 3.5   6.6     0.3    -0.93
4428.5100 24727.841 od 2.5  2153.221 ev 1.5   4.13    0.21   -1.14
4429.7894 24992.909 od 3.5  2424.809 ev 4.5   2.24    0.12   -1.28
4430.4995 37835.065 od 1.5 15270.582 ev 1.5  11.4     1.9    -0.87
4434.5941 38115.684 od 3.5 15572.035 ev 2.5  19.4     1.8    -0.34
4436.1323 24648.114 od 1.5  2112.282 ev 0.5  10.0     0.5    -0.93
4437.8304 24838.578 od 3.5  2311.369 ev 3.5   8.3     0.4    -0.71
4441.6800 24727.841 od 2.5  2220.156 ev 2.5  13.5     0.7    -0.62
4444.2059 24648.114 od 1.5  2153.221 ev 1.5  14.8     0.7    -0.76
4452.0051 37518.445 od 7.5 15062.959 ev 6.5  81.      4.     +0.59
4452.6978 37361.951 od 4.5 14909.958 ev 3.5   3.27    0.22   -1.01
4453.1180 38220.663 od 5.5 15770.789 ev 4.5   1.56    0.13   -1.25
4457.4696 24648.114 od 1.5  2220.156 ev 2.5   9.6     0.5    -0.94
4458.3882 41501.449 od 4.5 19078.112 ev 3.5   5.8     0.5    -0.76
4459.7536 24727.841 od 2.5  2311.369 ev 3.5  17.6     0.9    -0.50
4460.2914 24838.578 od 3.5  2424.809 ev 4.5  26.1     1.3    -0.21
4460.4287 41436.610 od 3.5 19023.531 ev 4.5  11.6     0.7    -0.56
4460.9850 41436.610 od 3.5 19026.326 ev 2.5  29.1     1.6    -0.16
4462.3574 37404.329 od 6.5 15000.937 ev 5.5  79.      4.     +0.52
4463.1196 38123.795 od 4.5 15724.229 ev 3.5   0.19    0.03   -2.25
4464.7364 38115.684 od 3.5 15724.229 ev 3.5   4.2     0.5    -0.99
4465.4932 37959.695 od 2.5 15572.035 ev 2.5   5.7     0.7    -0.99
4467.6051 36925.893 od 3.5 14548.816 ev 2.5   1.00    0.09   -1.62
4468.0001 37285.057 od 4.5 14909.958 ev 3.5  17.4     0.9    -0.28
4469.7033 37315.932 od 5.5 14949.359 ev 4.5  62.      3.     +0.35
4470.8145 37361.951 od 4.5 15000.937 ev 5.5   0.35    0.07   -1.98
4471.3176 41436.610 od 3.5 19078.112 ev 3.5   2.25    0.21   -1.27
4471.7570 41501.449 od 4.5 19145.148 ev 5.5   2.21    0.17   -1.18
4474.0397 38115.684 od 3.5 15770.789 ev 4.5  30.3     2.6    -0.14
4475.8819 37285.057 od 4.5 14949.359 ev 4.5   2.45    0.13   -1.13
4480.0346 37315.932 od 5.5 15000.937 ev 5.5   7.5     0.4    -0.57
4486.2418 37285.057 od 4.5 15000.937 ev 5.5   0.29    0.06   -2.06
4488.8872 37180.946 od 4.5 14909.958 ev 3.5  49.6     2.5    +0.18
4496.0585 37959.695 od 2.5 15724.229 ev 3.5  25.6     2.5    -0.33
4496.8429 37180.946 od 4.5 14949.359 ev 4.5   3.81    0.22   -0.94
4499.7499 36766.041 od 2.5 14548.816 ev 2.5   0.49    0.07   -2.05
4500.7784 37315.932 od 5.5 15103.784 ev 4.5   0.56    0.04   -1.69
4500.8579 39266.680 od 1.5 17054.924 ev 2.5   4.6     0.3    -1.26
4509.2814 37835.065 od 1.5 15664.801 ev 1.5   5.7     1.0    -1.16
4511.4289 39341.784 od 3.5 17182.073 ev 4.5   4.11    0.29   -1.00
4513.6088 39391.079 od 4.5 17242.070 ev 5.5   3.79    0.28   -0.94
4514.1807 37835.065 od 1.5 15688.862 ev 2.5  21.      3.     -0.60
4515.5480 37404.329 od 6.5 15264.832 ev 5.5   0.96    0.07   -1.39
4524.2081 37361.951 od 4.5 15264.832 ev 5.5  21.7     1.2    -0.18
4525.1524 37757.309 od 0.5 15664.801 ev 1.5  27.7     2.4    -0.77
4540.0068 37285.057 od 4.5 15264.832 ev 5.5   4.60    0.24   -0.85
4545.3926 37764.923 od 5.5 15770.789 ev 4.5  64.      3.     +0.38
4560.7118 37644.487 od 4.5 15724.229 ev 3.5  55.3     2.8    +0.24
4570.4198 37644.487 od 4.5 15770.789 ev 4.5   7.8     0.4    -0.61
4571.7838 37556.034 od 3.5 15688.862 ev 2.5  50.0     2.6    +0.10
4577.1740 21841.421 od 2.5     0.000 ev 1.5   4.44    0.22   -1.08
4579.1901 37556.034 od 3.5 15724.229 ev 3.5  10.6     0.6    -0.57
4580.3967 21963.437 od 3.5   137.383 ev 2.5   4.70    0.24   -0.93
4581.2247 36925.893 od 3.5 15103.784 ev 4.5   1.53    0.14   -1.41
4586.3660 22121.079 od 4.5   323.432 ev 3.5   5.16    0.26   -0.79
4594.1158 22313.832 od 5.5   552.955 ev 4.5   5.70    0.29   -0.66
4606.1472 21841.421 od 2.5   137.383 ev 2.5   0.63    0.03   -1.92
4610.9192 30094.585 od 1.5  8413.009 ev 0.5   0.57    0.03   -2.14
4618.7986 30120.823 od 2.5  8476.234 ev 1.5   0.188   0.015  -2.44
4619.7771 21963.437 od 3.5   323.432 ev 3.5   0.64    0.03   -1.79
4624.4045 30094.585 od 1.5  8476.234 ev 1.5   3.74    0.19   -1.32
4626.4875 30021.627 od 0.5  8413.009 ev 0.5   6.4     0.3    -1.39
4635.1738 22121.079 od 4.5   552.955 ev 4.5   0.373   0.019  -1.92
4640.0641 30021.627 od 0.5  8476.234 ev 1.5   6.4     0.3    -1.38
4640.7345 30120.823 od 2.5  8578.542 ev 2.5   1.66    0.09   -1.49
4645.9735 21841.421 od 2.5   323.432 ev 3.5   0.0218  0.0022 -3.37
4646.3937 30094.585 od 1.5  8578.542 ev 2.5   7.5     0.4    -1.01
4669.3024 21963.437 od 3.5   552.955 ev 4.5   0.0123  0.0008 -3.49
4670.4817 30120.823 od 2.5  8715.747 ev 3.5   7.6     0.4    -0.83
4673.6466 40535.729 od 6.5 19145.148 ev 5.5   0.53    0.07   -1.61
4682.7605 42138.062 od 2.5 20789.112 ev 2.5   6.0     0.8    -0.92
4699.3166 36538.569 od 4.5 15264.832 ev 5.5   1.63    0.13   -1.27
4706.5649 38483.045 od 6.5 17242.070 ev 5.5  15.6     0.8    -0.14
4707.4390 36925.893 od 3.5 15688.862 ev 2.5   3.71    0.26   -1.01
4710.5525 38405.067 od 5.5 17182.073 ev 4.5  16.2     0.9    -0.19
4714.1103 38323.924 od 4.5 17116.947 ev 3.5  16.2     0.9    -0.27
4715.2917 36925.893 od 3.5 15724.229 ev 3.5   0.99    0.10   -1.58
4717.6858 38245.829 od 3.5 17054.924 ev 2.5  16.4     0.9    -0.36
4731.2555 39935.176 od 1.5 18805.048 ev 0.5   5.2     0.5    -1.15
4737.7328 36766.041 od 2.5 15664.801 ev 1.5   0.76    0.09   -1.81
4739.5751 41860.647 od 4.5 20767.609 ev 3.5   1.93    0.30   -1.19
4748.5065 37503.240 ev 2.5 16449.875 od 2.5  14.1     0.8    -0.54
4750.9766 37615.057 ev 3.5 16572.638 od 3.5  12.8     0.7    -0.46
4751.2731 40119.218 od 2.5 19078.112 ev 3.5   5.1     0.4    -0.99
4751.8413 38220.663 od 5.5 17182.073 ev 4.5   0.43    0.06   -1.75
4753.9308 37758.146 ev 4.5 16728.803 od 4.5   9.3     0.5    -0.50
4757.3453 37931.460 ev 5.5 16917.210 od 5.5   5.1     0.3    -0.68
4759.0216 38123.795 od 4.5 17116.947 ev 3.5   0.39    0.07   -1.88
4765.6624 42079.165 od 4.5 21101.589 ev 3.5   4.3     0.6    -0.84
4773.0662 42220.689 od 5.5 21275.652 ev 4.5   2.3     0.3    -1.02
4776.3580 37503.240 ev 2.5 16572.638 od 3.5  38.7     2.0    -0.10
4776.5102 40119.218 od 2.5 19189.283 ev 1.5  29.6     1.6    -0.22
4781.3271 39935.176 od 1.5 19026.326 ev 2.5   1.6     0.5    -1.65
4784.4689 21032.503 od 3.5   137.383 ev 2.5   0.077   0.005  -2.67
4786.4999 37615.057 ev 3.5 16728.803 od 4.5  42.4     2.2    +0.07
4796.9081 37758.146 ev 4.5 16917.210 od 5.5  44.6     2.3    +0.19
4799.7766 20828.481 od 2.5     0.000 ev 1.5   0.128   0.007  -2.58
4803.0376 36538.569 od 4.5 15724.229 ev 3.5   0.244   0.028  -2.07
4807.5226 37931.460 ev 5.5 17136.538 od 6.5  49.2     2.5    +0.31
4819.0336 42020.903 od 3.5 21275.652 ev 4.5   6.7     0.9    -0.73
4823.4192 34537.299 od 1.5 13810.910 ev 0.5   0.44    0.09   -2.21
4827.4529 21032.503 od 3.5   323.432 ev 3.5   1.21    0.06   -1.47
4831.6462 20828.481 od 2.5   137.383 ev 2.5   2.00    0.10   -1.38
4832.4237 20687.769 od 1.5     0.000 ev 1.5   2.27    0.12   -1.50
4833.0155 34486.787 od 2.5 13801.551 ev 1.5   3.2     0.4    -1.18
4846.6085 34428.773 od 1.5 13801.551 ev 1.5   0.43    0.08   -2.22
4848.8086 34428.773 od 1.5 13810.910 ev 0.5   2.6     0.4    -1.44
4851.4901 20606.467 od 0.5     0.000 ev 1.5  10.2     0.5    -1.14
4856.5507 41860.647 od 4.5 21275.652 ev 4.5   1.10    0.19   -1.41
4857.0569 37764.923 od 5.5 17182.073 ev 4.5   0.36    0.05   -1.81
4864.7298 20687.769 od 1.5   137.383 ev 2.5   7.7     0.4    -0.96
4864.8330 30094.585 od 1.5  9544.635 ev 0.5   3.68    0.21   -1.28
4870.1440 37644.487 od 4.5 17116.947 ev 3.5   0.45    0.07   -1.80
4871.2563 37764.923 od 5.5 17242.070 ev 5.5   5.0     0.3    -0.67
4875.4859 20828.481 od 2.5   323.432 ev 3.5   7.6     0.4    -0.79
4880.5474 30120.823 od 2.5  9637.039 ev 1.5   2.38    0.22   -1.29
4881.5569 21032.503 od 3.5   552.955 ev 4.5   8.1     0.4    -0.64
4882.1663 30021.627 od 0.5  9544.635 ev 0.5   1.38    0.11   -2.01
4885.6445 37644.487 od 4.5 17182.073 ev 4.5   3.63    0.22   -0.89
4886.8071 30094.585 od 1.5  9637.039 ev 1.5   1.23    0.07   -1.76
4891.2206 37556.034 od 3.5 17116.947 ev 3.5   3.00    0.17   -1.07
4896.3575 42020.903 od 3.5 21603.259 ev 4.5   4.0     0.7    -0.94
4900.6260 41501.449 od 4.5 21101.589 ev 3.5  44.2     2.3    +0.20
4904.2976 30021.627 od 0.5  9637.039 ev 1.5   6.7     0.3    -1.32
4906.8557 37556.034 od 3.5 17182.073 ev 4.5   0.78    0.13   -1.65
4916.2521 41436.610 od 3.5 21101.589 ev 3.5   8.7     0.5    -0.60
4925.6564 30120.823 od 2.5  9824.626 ev 2.5   5.30    0.28   -0.94
4932.0324 30094.585 od 1.5  9824.626 ev 2.5   3.45    0.18   -1.30
4942.8014 41501.449 od 4.5 21275.652 ev 4.5   5.4     0.3    -0.70
4957.6649 33976.069 od 1.5 13810.910 ev 0.5   0.74    0.11   -1.96
5005.6058 34486.787 od 2.5 14514.756 ev 1.5   0.91    0.14   -1.69
5020.1884 34428.773 od 1.5 14514.756 ev 1.5   0.37    0.07   -2.26
5047.2435 35379.307 od 3.5 15572.035 ev 2.5   0.83    0.23   -1.59
5051.6001 41436.610 od 3.5 21646.420 ev 3.5  10.7     0.6    -0.48
5064.1143 42220.689 od 5.5 22479.403 ev 6.5  17.7     2.6    -0.09
5071.8653 36766.041 od 2.5 17054.924 ev 2.5   0.18    0.03   -2.39
5105.1465 42079.165 od 4.5 22496.546 ev 5.5  16.      3.     -0.19
5128.5082 37931.460 ev 5.5 18438.044 od 4.5  24.2     1.3    +0.06
5137.6021 34537.299 od 1.5 15078.387 ev 0.5   0.61    0.11   -2.01
5138.4064 37758.146 ev 4.5 18302.280 od 3.5  22.3     1.2    -0.05
5148.4116 37931.460 ev 5.5 18513.403 od 4.5   1.20    0.18   -1.24
5148.7009 37615.057 ev 3.5 18198.091 od 2.5  20.2     1.1    -0.19
5153.4587 34477.427 od 0.5 15078.387 ev 0.5   1.33    0.26   -1.97
5157.0092 37758.146 ev 4.5 18372.462 od 3.5   2.09    0.23   -1.08
5159.3231 37503.240 ev 2.5 18126.250 od 1.5  15.7     0.9    -0.42
5166.7823 34619.598 od 2.5 15270.582 ev 1.5   1.33    0.27   -1.50
5172.0884 37503.240 ev 2.5 18174.074 od 1.5   3.97    0.25   -1.02
5174.5149 37758.146 ev 4.5 18438.044 od 4.5   1.35    0.11   -1.27
5176.4775 37615.057 ev 3.5 18302.280 od 3.5   2.83    0.21   -1.04
5178.5229 37503.240 ev 2.5 18198.091 od 2.5   3.94    0.24   -1.02
5188.8528 34537.299 od 1.5 15270.582 ev 1.5   0.57    0.11   -2.04
5190.6843 38405.067 od 5.5 19145.148 ev 5.5   0.50    0.05   -1.62
5192.9840 37931.460 ev 5.5 18680.070 od 5.5  27.8     1.6    +0.13
5194.7776 37758.146 ev 4.5 18513.403 od 4.5  23.8     1.4    -0.02
5194.8743 37503.240 ev 2.5 18258.855 od 2.5  16.8     0.9    -0.39
5195.3575 37615.057 ev 3.5 18372.462 od 3.5  20.2     1.1    -0.18
5207.6614 38220.663 od 5.5 19023.531 ev 4.5   1.56    0.10   -1.12
5213.6469 34747.128 od 3.5 15572.035 ev 2.5   1.75    0.29   -1.24
5225.7241 37503.240 ev 2.5 18372.462 od 3.5  12.5     0.7    -0.51
5233.6918 37615.057 ev 3.5 18513.403 od 4.5   9.0     0.6    -0.53
5234.0727 38123.795 od 4.5 19023.531 ev 4.5  31.1     1.7    +0.11
5240.1600 37758.146 ev 4.5 18680.070 od 5.5   4.4     0.3    -0.74
5240.8635 38220.663 od 5.5 19145.148 ev 5.5  30.0     1.7    +0.17
5260.3360 41501.449 od 4.5 22496.546 ev 5.5   3.58    0.28   -0.83
5267.6135 38123.795 od 4.5 19145.148 ev 5.5   0.52    0.06   -1.67
5271.0261 32767.911 od 1.5 13801.551 ev 1.5   0.78    0.16   -1.89
5300.5944 39962.150 od 2.5 21101.589 ev 3.5   1.24    0.26   -1.50
5316.8672 34374.872 od 3.5 15572.035 ev 2.5   0.49    0.09   -1.78
5319.0421 34065.731 od 2.5 15270.582 ev 1.5   0.48    0.09   -1.91
5360.2547 34374.872 od 3.5 15724.229 ev 3.5   0.27    0.06   -2.02
5372.6270 21032.503 od 3.5  2424.809 ev 4.5   0.0051  0.0008 -3.75
5373.6699 34374.872 od 3.5 15770.789 ev 4.5   0.14    0.03   -2.32
5467.7915 37361.951 od 4.5 19078.112 ev 3.5   1.19    0.11   -1.27
5474.4724 37285.057 od 4.5 19023.531 ev 4.5   0.58    0.06   -1.58
5487.2222 32767.911 od 1.5 14548.816 ev 2.5   3.1     0.6    -1.25
5487.9126 37361.951 od 4.5 19145.148 ev 5.5  19.6     1.4    -0.05
5496.2065 32738.130 od 1.5 14548.816 ev 2.5   0.47    0.10   -2.07
5505.8623 37180.946 od 4.5 19023.531 ev 4.5   1.72    0.17   -1.11
5511.1758 37285.057 od 4.5 19145.148 ev 5.5   3.21    0.29   -0.83
5515.3288 18126.250 od 1.5     0.000 ev 1.5   0.0060  0.0005 -3.96
5527.6178 18085.952 od 0.5     0.000 ev 1.5   0.0112  0.0008 -3.99
5535.3440 18198.091 od 2.5   137.383 ev 2.5   0.0098  0.0007 -3.57
5544.8582 26505.953 od 2.5  8476.234 ev 1.5   0.100   0.011  -2.56
5545.9206 26604.807 od 3.5  8578.542 ev 2.5   0.39    0.06   -1.84
5547.0558 26738.323 od 4.5  8715.747 ev 3.5   1.21    0.18   -1.25
5557.4504 18126.250 od 1.5   137.383 ev 2.5   0.0191  0.0011 -3.45
5560.5474 18302.280 od 3.5   323.432 ev 3.5   0.0064  0.0006 -3.63
5565.9119 26437.754 od 1.5  8476.234 ev 1.5   0.141   0.029  -2.58
5576.5018 26505.953 od 2.5  8578.542 ev 2.5   0.128   0.022  -2.45
5578.3726 26397.633 od 0.5  8476.234 ev 1.5   0.28    0.04   -2.58
5584.3046 36925.893 od 3.5 19023.531 ev 4.5   1.52    0.18   -1.24
5584.4973 26480.286 od 3.5  8578.542 ev 2.5   1.75    0.21   -1.18
5588.4570 26604.807 od 3.5  8715.747 ev 3.5   0.149   0.023  -2.25
5589.6978 18438.044 od 4.5   552.955 ev 4.5   0.0030  0.0004 -3.85
5592.4148 26352.634 od 2.5  8476.234 ev 1.5   2.7     0.3    -1.11
5592.9595 18198.091 od 2.5   323.432 ev 3.5   0.0217  0.0013 -3.21
5597.7971 26437.754 od 1.5  8578.542 ev 2.5   0.20    0.04   -2.42
5601.3823 36925.893 od 3.5 19078.112 ev 3.5   5.0     0.6    -0.73
5604.9354 26249.476 od 1.5  8413.009 ev 0.5   2.9     0.4    -1.26
5619.5104 26505.953 od 2.5  8715.747 ev 3.5   0.090   0.013  -2.59
5624.6051 26352.634 od 2.5  8578.542 ev 2.5   7.2     0.8    -0.69
5624.8741 26249.476 od 1.5  8476.234 ev 1.5   4.7     0.6    -1.05
5626.0181 26182.637 od 0.5  8413.009 ev 0.5   5.8     0.6    -1.26
5627.6298 26480.286 od 3.5  8715.747 ev 3.5  11.7     1.2    -0.35
5632.4537 18302.280 od 3.5   552.955 ev 4.5   0.0156  0.0010 -3.23
5635.5049 36766.041 od 2.5 19026.326 ev 2.5   3.2     0.4    -1.04
5646.1074 26182.637 od 0.5  8476.234 ev 1.5   6.5     0.6    -1.21
5651.4949 32767.911 od 1.5 15078.387 ev 0.5   0.48    0.13   -2.03
5657.4404 26249.476 od 1.5  8578.542 ev 2.5   5.2     0.6    -1.00
5668.3618 26352.634 od 2.5  8715.747 ev 3.5   3.4     0.4    -1.01
5670.8480 26344.902 od 4.5  8715.747 ev 3.5   7.7     0.6    -0.43
5687.7531 36766.041 od 2.5 19189.283 ev 1.5   2.49    0.29   -1.14
5698.5189 26122.094 od 3.5  8578.542 ev 2.5  19.5     1.6    -0.12
5703.5750 26004.234 od 2.5  8476.234 ev 1.5  21.1     1.8    -0.21
5706.9824 25930.544 od 1.5  8413.009 ev 0.5  19.4     1.7    -0.42
5707.7960 36538.569 od 4.5 19023.531 ev 4.5   1.33    0.14   -1.19
5713.5729 32767.911 od 1.5 15270.582 ev 1.5   0.30    0.07   -2.23
5725.6386 36538.569 od 4.5 19078.112 ev 3.5  13.8     1.3    -0.17
5727.0445 26171.918 od 4.5  8715.747 ev 3.5  19.4     1.4    -0.02
5727.6551 25930.544 od 1.5  8476.234 ev 1.5   7.3     0.8    -0.85
5731.2490 26021.907 od 3.5  8578.542 ev 2.5   4.6     0.4    -0.74
5737.0616 26004.234 od 2.5  8578.542 ev 2.5   6.1     0.7    -0.74
5743.4377 26122.094 od 3.5  8715.747 ev 3.5   2.63    0.29   -0.98
5747.7060 36538.569 od 4.5 19145.148 ev 5.5   3.1     0.4    -0.81
5748.7257 42020.903 od 3.5 24630.567 ev 2.5   9.4     1.4    -0.43
5750.6417 33155.331 od 4.5 15770.789 ev 4.5   1.03    0.23   -1.29
5761.4259 25930.544 od 1.5  8578.542 ev 2.5   0.49    0.06   -2.01
5772.4119 32891.013 od 3.5 15572.035 ev 2.5   7.0     1.0    -0.55
5776.6874 26021.907 od 3.5  8715.747 ev 3.5   0.71    0.08   -1.54
5790.5880 32988.845 od 3.5 15724.229 ev 3.5   0.74    0.15   -1.53
5792.8331 34374.872 od 3.5 17116.947 ev 3.5   0.15    0.04   -2.21
5797.9878 42020.903 od 3.5 24778.321 ev 3.5   3.3     0.6    -0.88
5814.7764 34374.872 od 3.5 17182.073 ev 4.5   0.63    0.14   -1.59
5826.5833 32846.822 od 2.5 15688.862 ev 2.5   0.56    0.10   -1.77
5845.2695 32767.911 od 1.5 15664.801 ev 1.5   0.14    0.03   -2.55
5873.0514 38123.795 od 4.5 21101.589 ev 3.5   0.20    0.05   -1.99
5980.7807 26352.634 od 2.5  9637.039 ev 1.5   0.30    0.03   -2.01
5984.6310 26249.476 od 1.5  9544.635 ev 0.5   0.169   0.019  -2.44
6002.3026 26480.286 od 3.5  9824.626 ev 2.5   0.38    0.05   -1.79
6002.6241 25131.002 od 2.5  8476.234 ev 1.5   0.82    0.06   -1.57
6008.6729 26182.637 od 0.5  9544.635 ev 0.5   0.34    0.05   -2.43
6016.1210 38220.663 od 5.5 21603.259 ev 4.5   4.1     0.3    -0.58
6017.9198 26249.476 od 1.5  9637.039 ev 1.5   0.187   0.024  -2.39
6025.4021 31541.167 od 3.5 14949.359 ev 4.5   0.58    0.10   -1.60
6039.7256 25131.002 od 2.5  8578.542 ev 2.5   6.8     0.4    -0.65
6048.6610 26352.634 od 2.5  9824.626 ev 2.5   0.076   0.009  -2.60
6058.1420 24915.151 od 1.5  8413.009 ev 0.5   1.81    0.11   -1.40
6063.3882 31397.822 od 2.5 14909.958 ev 3.5   0.49    0.12   -1.79
6067.2480 38123.795 od 4.5 21646.420 ev 3.5   3.7     0.3    -0.69
6081.4422 24915.151 od 1.5  8476.234 ev 1.5  11.0     0.6    -0.61
6087.4957 24898.804 od 2.5  8476.234 ev 1.5   0.093   0.012  -2.51
6089.4824 24830.221 od 1.5  8413.009 ev 0.5   0.078   0.016  -2.76
6090.2084 25131.002 od 2.5  8715.747 ev 3.5  25.5     1.3    -0.07
6097.4625 25111.473 od 4.5  8715.747 ev 3.5   0.051   0.011  -2.55
6111.6506 24770.673 od 0.5  8413.009 ev 0.5  16.4     0.8    -0.74
6113.0248 24830.221 od 1.5  8476.234 ev 1.5   0.066   0.013  -2.83
6119.5275 24915.151 od 1.5  8578.542 ev 2.5  19.3     1.0    -0.36
6135.3650 24770.673 od 0.5  8476.234 ev 1.5  15.3     0.8    -0.76
6177.4359 37285.057 od 4.5 21101.589 ev 3.5   0.74    0.07   -1.37
6181.8624 24648.114 od 1.5  8476.234 ev 1.5   0.154   0.016  -2.45
6190.5064 24727.841 od 2.5  8578.542 ev 2.5   0.086   0.009  -2.53
6199.1910 18438.044 od 4.5  2311.369 ev 3.5   0.60    0.04   -1.46
6214.7509 37361.951 od 4.5 21275.652 ev 4.5   1.24    0.19   -1.14
6216.3643 18302.280 od 3.5  2220.156 ev 2.5   1.01    0.05   -1.33
6221.2200 24648.114 od 1.5  8578.542 ev 2.5   0.243   0.022  -2.25
6230.7980 18198.091 od 2.5  2153.221 ev 1.5   1.22    0.06   -1.37
6242.8216 18126.250 od 1.5  2112.282 ev 0.5   1.11    0.06   -1.59
6243.1073 18438.044 od 4.5  2424.809 ev 4.5   1.94    0.10   -0.94
6251.8231 18302.280 od 3.5  2311.369 ev 3.5   0.92    0.05   -1.37
6256.9003 18198.091 od 2.5  2220.156 ev 2.5   0.273   0.014  -2.02
6258.5710 18085.952 od 0.5  2112.282 ev 0.5   0.74    0.04   -2.06
6274.6524 18085.952 od 0.5  2153.221 ev 1.5   1.70    0.09   -1.70
6282.3296 33155.331 od 4.5 17242.070 ev 5.5   1.5     0.3    -1.05
6285.1603 18126.250 od 1.5  2220.156 ev 2.5   1.22    0.06   -1.54
6292.8244 18198.091 od 2.5  2311.369 ev 3.5   0.92    0.05   -1.49
6296.4909 18302.280 od 3.5  2424.809 ev 4.5   0.514   0.026  -1.61
6302.0991 30864.279 od 5.5 15000.937 ev 5.5   0.041   0.011  -2.53
6324.6535 32988.845 od 3.5 17182.073 ev 4.5   1.17    0.24   -1.25
6326.8357 30864.279 od 5.5 15062.959 ev 6.5   2.4     0.3    -0.76
6339.0817 30771.732 od 4.5 15000.937 ev 5.5   2.21    0.29   -0.87
6343.9503 37361.951 od 4.5 21603.259 ev 4.5   1.13    0.16   -1.17
6349.4731 30694.344 od 3.5 14949.359 ev 4.5   2.3     0.3    -0.95
6355.5724 32846.822 od 2.5 17116.947 ev 3.5   1.05    0.20   -1.42
6357.2913 30635.580 od 2.5 14909.958 ev 3.5   2.4     0.6    -1.06
6374.4850 32738.130 od 1.5 17054.924 ev 2.5   1.9     0.5    -1.33
6452.3435 25131.002 od 2.5  9637.039 ev 1.5   1.61    0.10   -1.22
6488.0579 34486.787 od 2.5 19078.112 ev 3.5   1.49    0.29   -1.25
6490.6814 34428.773 od 1.5 19026.326 ev 2.5   1.09    0.24   -1.56
6504.1653 24915.151 od 1.5  9544.635 ev 0.5   2.09    0.14   -1.28
6531.4207 25131.002 od 2.5  9824.626 ev 2.5   3.70    0.28   -0.85
6543.5037 24915.151 od 1.5  9637.039 ev 1.5   0.76    0.05   -1.71
6550.0181 36538.569 od 4.5 21275.652 ev 4.5   1.12    0.13   -1.14
6558.0147 26344.902 od 4.5 11100.596 ev 4.5   0.192   0.024  -1.91
6560.0872 34428.773 od 1.5 19189.283 ev 1.5   0.21    0.06   -2.26
6565.8830 24770.673 od 0.5  9544.635 ev 0.5   0.70    0.06   -2.05
6605.9737 24770.673 od 0.5  9637.039 ev 1.5   3.49    0.25   -1.34
6607.8281 26021.907 od 3.5 10892.520 ev 3.5   0.199   0.025  -1.98
6619.1631 24648.114 od 1.5  9544.635 ev 0.5   0.041   0.007  -2.97
6623.5437 30864.279 od 5.5 15770.789 ev 4.5   0.19    0.03   -1.83
6624.8451 24915.151 od 1.5  9824.626 ev 2.5   1.89    0.14   -1.30
6633.2862 26171.918 od 4.5 11100.596 ev 4.5   0.100   0.016  -2.18
6643.7862 30771.732 od 4.5 15724.229 ev 3.5   0.22    0.04   -1.84
6657.6369 30094.585 od 1.5 15078.387 ev 0.5   0.26    0.05   -2.16
6662.3915 30694.344 od 3.5 15688.862 ev 2.5   0.151   0.026  -2.10
6708.1096 24727.841 od 2.5  9824.626 ev 2.5   0.058   0.007  -2.63
6732.0391 30120.823 od 2.5 15270.582 ev 1.5   0.193   0.021  -2.10
6753.0100 23519.872 od 4.5  8715.747 ev 3.5   0.46    0.05   -1.50
6760.1400 37285.057 od 4.5 22496.546 ev 5.5   1.47    0.16   -1.00
6777.3102 30021.627 od 0.5 15270.582 ev 1.5   0.34    0.06   -2.34
6785.0004 23210.560 od 2.5  8476.234 ev 1.5   0.32    0.03   -1.88
6812.3999 23088.074 od 1.5  8413.009 ev 0.5   0.262   0.026  -2.14
6832.4419 23210.560 od 2.5  8578.542 ev 2.5   0.089   0.010  -2.43
6841.8771 23088.074 od 1.5  8476.234 ev 1.5   0.105   0.011  -2.53
6871.5289 30120.823 od 2.5 15572.035 ev 2.5   0.29    0.04   -1.91
6883.9438 30094.585 od 1.5 15572.035 ev 2.5   0.18    0.03   -2.28
7159.8814 32767.911 od 1.5 18805.048 ev 0.5   0.44    0.10   -1.87
7306.7498 30864.279 od 5.5 17182.073 ev 4.5   0.111   0.024  -1.97
7321.4230 30771.732 od 4.5 17116.947 ev 3.5   0.16    0.03   -1.88
7329.6707 30694.344 od 3.5 17054.924 ev 2.5   0.143   0.029  -2.03
7338.9314 30864.279 od 5.5 17242.070 ev 5.5   1.88    0.29   -0.74
7351.7653 34428.773 od 1.5 20830.344 ev 0.5   0.45    0.11   -1.84
7356.5098 30771.732 od 4.5 17182.073 ev 4.5   1.55    0.26   -0.90
7358.6211 34374.872 od 3.5 20789.112 ev 2.5   0.92    0.21   -1.22
7361.3866 30635.580 od 2.5 17054.924 ev 2.5   1.7     0.4    -1.09
7363.1536 30694.344 od 3.5 17116.947 ev 3.5   1.49    0.26   -1.01
7389.1323 30771.732 od 4.5 17242.070 ev 5.5   0.088   0.017  -2.14
7398.6425 30694.344 od 3.5 17182.073 ev 4.5   0.140   0.029  -2.04
7944.6472 37361.951 od 4.5 24778.321 ev 3.5   1.03    0.17   -1.01
8027.3662 21032.503 od 3.5  8578.542 ev 2.5   0.182   0.024  -1.85
8093.4675 20828.481 od 2.5  8476.234 ev 1.5   0.29    0.04   -1.76
8116.7891 21032.503 od 3.5  8715.747 ev 3.5   1.07    0.14   -1.07
8144.5595 20687.769 od 1.5  8413.009 ev 0.5   0.32    0.04   -1.90
8161.0622 20828.481 od 2.5  8578.542 ev 2.5   0.72    0.11   -1.37
8186.7280 20687.769 od 1.5  8476.234 ev 1.5   0.50    0.08   -1.70
8198.8650 20606.467 od 0.5  8413.009 ev 0.5   0.61    0.10   -1.91
8241.5992 20606.467 od 0.5  8476.234 ev 1.5   0.62    0.10   -1.90
8253.5057 20828.481 od 2.5  8715.747 ev 3.5   0.23    0.04   -1.85
8255.8960 20687.769 od 1.5  8578.542 ev 2.5   0.43    0.07   -1.75
8919.8474 21032.503 od 3.5  9824.626 ev 2.5   0.34    0.05   -1.49
8932.9465 20828.481 od 2.5  9637.039 ev 1.5   0.25    0.03   -1.74
8949.2218 26249.476 od 1.5 15078.387 ev 0.5   0.17    0.04   -2.10
8971.6730 20687.769 od 1.5  9544.635 ev 0.5   0.153   0.019  -2.13
9022.7369 26344.902 od 4.5 15264.832 ev 5.5   0.160   0.027  -1.71
9037.6131 20606.467 od 0.5  9544.635 ev 0.5   0.31    0.04   -2.12
9046.6926 20687.769 od 1.5  9637.039 ev 1.5   0.194   0.025  -2.02
9085.2305 20828.481 od 2.5  9824.626 ev 2.5   0.112   0.015  -2.08
9156.5704 26021.907 od 3.5 15103.784 ev 4.5   0.17    0.03   -1.76
