3383.7584 29544.454 2.5     0.000 1.5 0.79370  6 0.777000  1 0.78071  0
3394.5722 29544.454 2.5    94.114 2.5 0.15330  6 0.158000  5 0.15849  1
3409.8084 29544.454 2.5   225.704 3.5 0.00570  5 0.006990  5 0.00663  2
3491.0494 29544.454 2.5   907.967 1.5 0.03660  4 0.044800  5 0.04121  1
3500.3331 29544.454 2.5   983.916 2.5 0.00410  5 0.004970  6 0.00477  3
4012.3838 29544.454 2.5  4628.657 2.5 0.00570  9 0.006960  6 0.00660  5
4056.1867 29544.454 2.5  4897.718 3.5            0.000192 32 0.00020 12
4798.5313 29544.454 2.5  8710.567 1.5 0.00060 17 0.000591 11 0.00061 10
4865.6104 29544.454 2.5  8997.787 3.5 0.00040 25 0.000410  9 0.00053 10
3372.7928 29734.621 3.5    94.114 2.5 0.79000  5             0.78515  0
3387.8336 29734.621 3.5   225.704 3.5 0.15710  5             0.15944  1
3407.2023 29734.621 3.5   393.446 4.5 0.00400  5             0.00427  3
3477.1801 29734.621 3.5   983.916 2.5 0.04250  4             0.04353  2
3489.7360 29734.621 3.5  1087.356 3.5 0.00400  5             0.00384  3
3981.9911 29734.621 3.5  4628.657 2.5                        0.00086  6
4025.1294 29734.621 3.5  4897.718 3.5 0.00210 19             0.00223  6
4762.7780 29734.621 3.5  8744.341 2.5 0.00040 25             0.00027 11
4849.1678 29734.621 3.5  9118.285 4.5                        0.00022 11
3361.2120 29968.330 4.5   225.704 3.5 0.88640 22             0.85908  0
3380.2767 29968.330 4.5   393.446 4.5 0.07680 15             0.09419  2
3461.4956 29968.330 4.5  1087.356 3.5 0.03510 15             0.04433  2
3476.9633 29968.330 4.5  1215.833 4.5 0.00140 14             0.00197  3
3987.6061 29968.330 4.5  4897.718 3.5 0.00030 33             0.00043  7
3349.4023 30240.940 5.5   393.446 4.5 0.94100 20             0.95656  0
3444.3060 30240.940 5.5  1215.833 4.5 0.05910 14             0.04344  2
3241.9826 30836.425 1.5     0.000 1.5 0.60080  4             0.60374  0
3251.9079 30836.425 1.5    94.114 2.5 0.16790  4             0.16421  1
3340.3410 30836.425 1.5   907.967 1.5 0.17560  3             0.17947  1
3348.8395 30836.425 1.5   983.916 2.5 0.04270  4             0.04000  2
3814.5800 30836.425 1.5  4628.657 2.5 0.01170  4             0.00988  5
4518.3317 30836.425 1.5  8710.567 1.5                        0.00092 11
4763.8832 30836.425 1.5  9851.014 0.5 0.00130 15             0.00121 11
3229.1896 30958.585 2.5     0.000 1.5 0.12030  3 0.123000  4 0.13349  2
3239.0366 30958.585 2.5    94.114 2.5 0.51460  4 0.497000  2 0.47228  1
3252.9058 30958.585 2.5   225.704 3.5 0.14110  3 0.152000  4 0.15160  1
3326.7616 30958.585 2.5   907.967 1.5 0.02860  3 0.027400  5 0.02912  2
3335.1911 30958.585 2.5   983.916 2.5 0.15520  3 0.161000  4 0.17046  2
3346.7408 30958.585 2.5  1087.356 3.5 0.03520  3 0.033900  5 0.03681  2
3796.8815 30958.585 2.5  4628.657 2.5 0.00110 18 0.000920 12 0.00106  8
3836.0827 30958.585 2.5  4897.718 3.5 0.00400  5 0.003620  5 0.00379  6
4493.5220 30958.585 2.5  8710.567 1.5            0.000331 11 0.00037 10
4500.3538 30958.585 2.5  8744.341 2.5            0.000103 24 0.00015 15
4552.2926 30958.585 2.5  8997.787 3.5            0.000281 28 0.00030 16
4764.5247 30958.585 2.5  9975.999 1.5            0.000341 17 0.00041 13
3222.8415 31113.676 3.5    94.114 2.5 0.12570  3             0.13126  1
3236.5720 31113.676 3.5   225.704 3.5 0.56260  4             0.56201  0
3254.2453 31113.676 3.5   393.446 4.5 0.08890  3             0.08457  1
3318.0228 31113.676 3.5   983.916 2.5 0.02830  4             0.02663  1
3329.4537 31113.676 3.5  1087.356 3.5 0.16800  4             0.17039  1
3343.7615 31113.676 3.5  1215.833 4.5 0.02170  3             0.02026  2
3774.6471 31113.676 3.5  4628.657 2.5 0.00060 17             0.00054  5
3813.3881 31113.676 3.5  4897.718 3.5 0.00350  6             0.00302  6
4469.1512 31113.676 3.5  8744.341 2.5 0.00080 13             0.00048 10
4545.1327 31113.676 3.5  9118.285 4.5                        0.00059 11
3203.4311 31207.511 2.5     0.000 1.5 0.01090  6 0.011300  6 0.01113  5
3213.1214 31207.511 2.5    94.114 2.5 0.00620  8 0.003950  7 0.00388  5
3226.7691 31207.511 2.5   225.704 3.5 0.01060  6 0.011600  6 0.01167  6
3307.7210 31207.511 2.5   983.916 2.5 0.00140 14 0.001610  7 0.00152  4
3319.0810 31207.511 2.5  1087.356 3.5            0.000694 21 0.00068  7
3761.3206 31207.511 2.5  4628.657 2.5 0.81380  2 0.798000  1 0.81299  0
3799.7872 31207.511 2.5  4897.718 3.5            0.000938 25 0.00061  6
4443.8008 31207.511 2.5  8710.567 1.5 0.07370  2 0.076500  6 0.07433  4
4450.4821 31207.511 2.5  8744.341 2.5 0.01160  2 0.011900  6 0.01140  4
4501.2697 31207.511 2.5  8997.787 3.5 0.06370  2 0.065200  7 0.06390  5
4583.4091 31207.511 2.5  9395.802 1.5            0.000487  7 0.00052  7
4609.2645 31207.511 2.5  9518.152 2.5            0.000133  7 0.00017 12
4698.6545 31207.511 2.5  9930.777 1.5            0.000224 26 0.00028 11
4708.6627 31207.511 2.5  9975.999 1.5 0.00160 13 0.001460  7 0.00153  8
4719.5109 31207.511 2.5 10024.801 2.5            0.000176 30 0.00016 12
5381.0216 31207.511 2.5 12628.845 1.5 0.00310 13 0.002770  8 0.00277  9
5418.7678 31207.511 2.5 12758.260 2.5 0.00260 12 0.002010  8 0.00192 10
9691.2838 31207.511 2.5 20891.790 3.5            0.000085 32 0.00013 18
9747.9488 31207.511 2.5 20951.755 2.5            0.000276 15 0.00040 17
3217.0543 31301.065 4.5   225.704 3.5 0.08570  4 0.083800  9 0.08345  1
3234.5146 31301.065 4.5   393.446 4.5 0.70000  4 0.697000  3 0.71685  0
3308.8034 31301.065 4.5  1087.356 3.5 0.01790  3 0.017000  6 0.01428  2
3322.9338 31301.065 4.5  1215.833 4.5 0.19590  4 0.201000  8 0.18486  2
3786.3232 31301.065 4.5  4897.718 3.5 0.00070 14 0.000640 19 0.00048  6
5396.2466 31301.065 4.5 12774.817 5.5            0.000090 57 0.00006 15
3184.1168 31490.918 3.5    94.114 2.5            0.001900  9 0.00169  6
3197.5186 31490.918 3.5   225.704 3.5            0.007010  5 0.00641  6
3214.7669 31490.918 3.5   393.446 4.5            0.024900  4 0.02364  5
3276.9916 31490.918 3.5   983.916 2.5            0.001760 18 0.00192  6
3288.1411 31490.918 3.5  1087.356 3.5            0.005580  4 0.00536  5
3302.0953 31490.918 3.5  1215.833 4.5            0.002460  6 0.00237  5
3721.6363 31490.918 3.5  4628.657 2.5            0.030600  1 0.02794  2
3759.2915 31490.918 3.5  4897.718 3.5            0.755000  1 0.76961  0
4395.0312 31490.918 3.5  8744.341 2.5            0.091400  3 0.08529  4
4444.5541 31490.918 3.5  8997.787 3.5            0.001780  5 0.00182  4
4468.4926 31490.918 3.5  9118.285 4.5            0.070800  3 0.06578  4
4549.8129 31490.918 3.5  9518.152 2.5            0.001270 15 0.00132  6
4657.2006 31490.918 3.5 10024.801 2.5            0.001250  5 0.00133  7
5336.7863 31490.918 3.5 12758.260 2.5            0.004610  6 0.00497  9
9432.1508 31490.918 3.5 20891.790 3.5            0.000048 19 0.00057 16
3072.9701 32532.354 0.5     0.000 1.5 0.66590  3             0.70107  1
3161.2016 32532.354 0.5   907.967 1.5 0.26460  4             0.23520  1
4314.9708 32532.354 0.5  9363.743 0.5 0.05490  6             0.04991  9
4320.9500 32532.354 0.5  9395.802 1.5 0.01100  7             0.00918 10
4407.6727 32532.354 0.5  9851.014 0.5 0.00160 13             0.00164 12
4411.9297 32532.354 0.5  9872.899 0.5 0.00200 20             0.00159 11
4432.0960 32532.354 0.5  9975.999 1.5                        0.00055 18
3066.3463 32602.626 1.5     0.000 1.5 0.13870  3 0.139000  2 0.14622  1
3075.2240 32602.626 1.5    94.114 2.5 0.53530  4 0.547000  1 0.53907  1
3154.1924 32602.626 1.5   907.967 1.5 0.04780  4 0.046700  2 0.04614  1
3161.7691 32602.626 1.5   983.916 2.5 0.18820  3 0.182000  2 0.18460  1
3573.7316 32602.626 1.5  4628.657 2.5 0.01680  4 0.016700  3 0.01546  5
4184.3119 32602.626 1.5  8710.567 1.5 0.00120 17 0.001180 17 0.00123 10
4301.9225 32602.626 1.5  9363.743 0.5 0.02560  6 0.022700  6 0.02241  9
4307.8656 32602.626 1.5  9395.802 1.5 0.03080  6 0.028700  6 0.03010 10
4330.6980 32602.626 1.5  9518.152 2.5 0.00390  8 0.003080  9 0.00291 10
4394.0586 32602.626 1.5  9851.014 0.5 0.00570  7 0.005880  6 0.00581 10
4409.5176 32602.626 1.5  9930.777 1.5 0.00150 20 0.000925 16 0.00101 11
4418.3309 32602.626 1.5  9975.999 1.5 0.00370  8 0.003480  6 0.00352 10
5005.1672 32602.626 1.5 12628.845 1.5            0.000498 15 0.00049 14
3057.3925 32698.102 2.5     0.000 1.5 0.00790  4             0.00703  5
3066.2183 32698.102 2.5    94.114 2.5 0.12020  3             0.12519  1
3078.6442 32698.102 2.5   225.704 3.5 0.53440  4             0.53556  1
3144.7190 32698.102 2.5   907.967 1.5 0.00210 10             0.00195  3
3152.2502 32698.102 2.5   983.916 2.5 0.03920  3             0.03809  2
3162.5658 32698.102 2.5  1087.356 3.5 0.18600  3             0.18786  2
3561.5755 32698.102 2.5  4628.657 2.5 0.00400  5             0.00319  6
3596.0465 32698.102 2.5  4897.718 3.5 0.03200  4             0.02957  5
4173.5333 32698.102 2.5  8744.341 2.5 0.00330  6             0.00334  9
4290.2148 32698.102 2.5  9395.802 1.5 0.03420  6             0.03281  9
4312.8600 32698.102 2.5  9518.152 2.5 0.01880  6             0.01818 10
4391.0258 32698.102 2.5  9930.777 1.5 0.00120  8             0.00116 11
4399.7652 32698.102 2.5  9975.999 1.5 0.01490  6             0.01444 10
4409.2354 32698.102 2.5 10024.801 2.5 0.00050 20             0.00038 12
5013.6863 32698.102 2.5 12758.260 2.5 0.00120 17             0.00127 13
3072.1072 32767.196 3.5   225.704 3.5 0.08480  4 0.087500 11 0.08234  1
3088.0257 32767.196 3.5   393.446 4.5 0.59800  4 0.604000  5 0.59894  1
3145.3973 32767.196 3.5   983.916 2.5 0.00080 13 0.000926 25 0.00093  6
3155.6679 32767.196 3.5  1087.356 3.5 0.02260  4 0.019700  7 0.02111  2
3168.5183 32767.196 3.5  1215.833 4.5 0.20800  4 0.211000 10 0.21786  1
3587.1310 32767.196 3.5  4897.718 3.5 0.00670  4 0.006350  7 0.00613  6
4161.5292 32767.196 3.5  8744.341 2.5 0.00160  6 0.001330 10 0.00158  9
4227.3340 32767.196 3.5  9118.285 4.5 0.00110 18 0.000519 13 0.00057 11
4300.0424 32767.196 3.5  9518.152 2.5 0.06510  6 0.058200 11 0.06274  9
4395.8394 32767.196 3.5 10024.801 2.5 0.00200 10 0.001860  9 0.00204 10
3341.8747 34543.380 3.5  4628.657 2.5 0.77480  5             0.75902  1
3372.2062 34543.380 3.5  4897.718 3.5 0.02820  4             0.02904  3
3913.4612 34543.380 3.5  8997.787 3.5 0.09600  5             0.10856  4
3932.0088 34543.380 3.5  9118.285 4.5 0.00570  7             0.00642  6
4571.9713 34543.380 3.5 12677.105 4.5 0.08830  5             0.09038  8
5183.7112 34543.380 3.5 15257.553 4.5 0.00040 25             0.00025 18
5185.9020 34543.380 3.5 15265.700 3.5 0.00460  7             0.00555 11
7355.4458 34543.380 3.5 20951.755 2.5                        0.00079 17
2909.9271 34748.506 4.5   393.446 4.5 0.00220  9             0.00225  7
3349.0326 34748.506 4.5  4897.718 3.5 0.74080  5             0.79181  1
3882.2865 34748.506 4.5  8997.787 3.5 0.00250  8             0.00276  9
3900.5390 34748.506 4.5  9118.285 4.5 0.12680  5             0.10363  4
4529.4799 34748.506 4.5 12677.105 4.5 0.00340  6             0.00265  8
4549.6217 34748.506 4.5 12774.817 5.5 0.11620  5             0.09002  7
5129.1562 34748.506 4.5 15257.553 4.5 0.00670  6             0.00534 11
2888.9289 39233.415 1.5  4628.657 2.5 0.04610  4             0.04771  6
3275.2903 39233.415 1.5  8710.567 1.5 0.02720  4             0.02859  4
3278.9185 39233.415 1.5  8744.341 2.5 0.48540  3             0.50864  1
3346.9152 39233.415 1.5  9363.743 0.5 0.00970  8             0.00917  4
3350.5114 39233.415 1.5  9395.802 1.5 0.02960  7             0.00826  5
3402.4215 39233.415 1.5  9851.014 0.5 0.07260  3             0.07718  3
3404.9577 39233.415 1.5  9872.899 0.5 0.00210 43             0.00179  9
3416.9568 39233.415 1.5  9975.999 1.5 0.02370  4             0.02279  5
3422.6660 39233.415 1.5 10024.801 2.5                        0.00188 16
3757.6849 39233.415 1.5 12628.845 1.5 0.24730  4             0.23539  3
3776.0534 39233.415 1.5 12758.260 2.5 0.03620  4             0.03699  5
4421.9378 39233.415 1.5 16625.244 1.5 0.01020  7             0.01072  8
2604.0962 39476.924 2.5  1087.356 3.5 0.00260 23             0.00417 12
2868.7410 39476.924 2.5  4628.657 2.5 0.02600  4             0.03449  8
2891.0637 39476.924 2.5  4897.718 3.5 0.04680  4             0.05887 10
3249.3662 39476.924 2.5  8710.567 1.5 0.02780  4             0.02898  5
3252.9372 39476.924 2.5  8744.341 2.5 0.35880  5             0.31838  3
3279.9877 39476.924 2.5  8997.787 3.5 0.04010  3             0.04089  5
3323.3879 39476.924 2.5  9395.802 1.5 0.00620  8             0.00635  6
3336.9608 39476.924 2.5  9518.152 2.5 0.00380 18             0.00316  8
3388.7514 39476.924 2.5  9975.999 1.5 0.04700  4             0.05611  4
3394.3666 39476.924 2.5 10024.801 2.5                        0.00338  7
3723.6022 39476.924 2.5 12628.845 1.5 0.00310 16             0.00336  7
3741.6383 39476.924 2.5 12758.260 2.5 0.41500  4             0.41177  2
4374.8165 39476.924 2.5 16625.244 1.5 0.00860  7             0.00952  5
6998.9298 39476.924 2.5 25192.965 2.5                        0.00734 13
2858.4103 39602.865 1.5  4628.657 2.5 0.01570  7             0.01513  5
3236.1189 39602.865 1.5  8710.567 1.5 0.26810  3             0.27842  1
3239.6608 39602.865 1.5  8744.341 2.5 0.45390  3             0.43486  1
3306.0226 39602.865 1.5  9363.743 0.5                        0.00543 10
3309.5315 39602.865 1.5  9395.802 1.5 0.01700  6             0.01387 10
3362.6435 39602.865 1.5  9872.899 0.5 0.00900 11             0.00761  3
3369.2028 39602.865 1.5  9930.777 1.5 0.02140  4             0.02490  6
3374.3458 39602.865 1.5  9975.999 1.5 0.05550  3             0.05722  2
3379.9134 39602.865 1.5 10024.801 2.5 0.00960  6             0.01445  4
3706.2165 39602.865 1.5 12628.845 1.5 0.12710  4             0.11628  4
3724.0841 39602.865 1.5 12758.260 2.5 0.00800 11             0.00624  6
4330.2378 39602.865 1.5 16515.936 0.5 0.00750  8             0.00921  9
4350.8378 39602.865 1.5 16625.244 1.5 0.00730  8             0.00796  9
6827.9362 39602.865 1.5 24961.191 1.5                        0.00163 17
3228.6046 39674.762 0.5  8710.567 1.5 0.74500  4             0.79165  0
3301.6727 39674.762 0.5  9395.802 1.5 0.01250 10             0.01497  4
3352.0693 39674.762 0.5  9851.014 0.5 0.06090  4             0.06216  4
3366.1766 39674.762 0.5  9975.999 1.5 0.11960  4             0.10725  3
4316.7942 39674.762 0.5 16515.936 0.5 0.01900  8             0.01706  8
4337.2662 39674.762 0.5 16625.244 1.5                        0.00391 14
2832.1755 39926.819 2.5  4628.657 2.5 0.07960  3             0.07677  4
2853.9307 39926.819 2.5  4897.718 3.5 0.01460  6             0.01491  4
3202.5341 39926.819 2.5  8710.567 1.5 0.49600  3             0.49719  1
3206.0028 39926.819 2.5  8744.341 2.5 0.00390 15             0.00477  6
3232.2752 39926.819 2.5  8997.787 3.5 0.25160  3             0.25016  2
3274.4139 39926.819 2.5  9395.802 1.5 0.00500 32             0.00464  4
3337.8469 39926.819 2.5  9975.999 1.5 0.02100  4             0.02169  4
3662.2324 39926.819 2.5 12628.845 1.5 0.09570  4             0.09224  4
3679.6775 39926.819 2.5 12758.260 2.5 0.01130  6             0.00905  5
4053.8210 39926.819 2.5 15265.700 3.5 0.01970  7             0.02224  7
5268.6082 39926.819 2.5 20951.755 2.5                        0.00386 13
6680.1337 39926.819 2.5 24961.191 1.5                        0.00126 17
3192.2684 40027.200 1.5  8710.567 1.5 0.00790  9             0.00753  7
3195.7150 40027.200 1.5  8744.341 2.5 0.02420  4             0.02370  3
3260.2707 40027.200 1.5  9363.743 0.5 0.02240  4             0.03145  3
3263.6831 40027.200 1.5  9395.802 1.5 0.04150  4             0.04122  2
3276.7718 40027.200 1.5  9518.152 2.5 0.07240  3             0.07273  2
3315.3224 40027.200 1.5  9872.899 0.5 0.12700  3             0.12572  2
3321.6982 40027.200 1.5  9930.777 1.5 0.26460  3             0.24907  2
3326.6971 40027.200 1.5  9975.999 1.5 0.01340  5             0.01341  3
3332.1084 40027.200 1.5 10024.801 2.5 0.41930  3             0.42622  1
3648.8145 40027.200 1.5 12628.845 1.5 0.00260 27             0.00195 10
2519.3254 40074.671 3.5   393.446 4.5                        0.00042 18
2564.1682 40074.671 3.5  1087.356 3.5                        0.00098 11
2572.6465 40074.671 3.5  1215.833 4.5 0.00810 11             0.00788  8
2820.3615 40074.671 3.5  4628.657 2.5 0.00460 11             0.00491  6
2841.9349 40074.671 3.5  4897.718 3.5 0.09080  3             0.10018  5
3190.8727 40074.671 3.5  8744.341 2.5 0.53390  3             0.54228  1
3216.8968 40074.671 3.5  8997.787 3.5 0.01530  5             0.00741  4
3229.4190 40074.671 3.5  9118.285 4.5 0.23800  3             0.23047  2
3326.8444 40074.671 3.5 10024.801 2.5 0.00880  5             0.00910  5
3659.7605 40074.671 3.5 12758.260 2.5 0.07010  4             0.06750  5
4028.3384 40074.671 3.5 15257.553 4.5 0.02140  6             0.02328  7
5211.5303 40074.671 3.5 20891.790 3.5 0.00800 10             0.00448 13
6717.8053 40074.671 3.5 25192.965 2.5                        0.00108 17
2478.7756 40330.317 0.5     0.000 1.5                        0.02362 17
2535.8702 40330.317 0.5   907.967 1.5 0.21400  4             0.20073  8
3282.3267 40330.317 0.5  9872.899 0.5 0.64200  3             0.61461  2
3288.5761 40330.317 0.5  9930.777 1.5 0.14400  3             0.14356  3
2478.6965 40425.718 1.5    94.114 2.5 0.00230 30             0.00218 12
2529.7478 40425.718 1.5   907.967 1.5 0.03370  5             0.03681  9
2534.6194 40425.718 1.5   983.916 2.5 0.13300  3             0.13695  8
3269.7351 40425.718 1.5  9851.014 0.5                        0.00090  7
3272.0773 40425.718 1.5  9872.899 0.5 0.44990  3             0.39725  2
3278.2877 40425.718 1.5  9930.777 1.5 0.33440  3             0.38145  2
3288.4272 40425.718 1.5 10024.801 2.5 0.03510  3             0.03923  4
3596.5008 40425.718 1.5 12628.845 1.5 0.00230 17             0.00256  6
2477.2025 40581.630 2.5   225.704 3.5                        0.00211 11
2519.8056 40581.630 2.5   907.967 1.5 0.00200 25             0.00201 10
2524.6389 40581.630 2.5   983.916 2.5 0.03530  5             0.03581  9
2531.2517 40581.630 2.5  1087.356 3.5 0.15930  4             0.16115  8
3261.6114 40581.630 2.5  9930.777 1.5 0.56340  5             0.52729  2
3271.6479 40581.630 2.5 10024.801 2.5 0.23180  4             0.23423  2
3593.0756 40581.630 2.5 12758.260 2.5 0.00500  8             0.00514  6
2474.1944 40798.433 3.5   393.446 4.5 0.00270 15             0.00218 10
2510.8905 40798.433 3.5   983.916 2.5 0.00150 33             0.00106 10
2517.4314 40798.433 3.5  1087.356 3.5 0.02110  5             0.01763  9
2525.6030 40798.433 3.5  1215.833 4.5 0.17040  4             0.14660  8
2784.6383 40798.433 3.5  4897.718 3.5 0.00430 12             0.00457  7
3118.8220 40798.433 3.5  8744.341 2.5 0.00440  9             0.00603  6
3143.6796 40798.433 3.5  8997.787 3.5 0.00080 38             0.00059 13
3155.6372 40798.433 3.5  9118.285 4.5 0.01180  5             0.01581  3
3195.9783 40798.433 3.5  9518.152 2.5                        0.00132  9
3248.5980 40798.433 3.5 10024.801 2.5 0.77340  5             0.79220  1
3565.2936 40798.433 3.5 12758.260 2.5 0.00690  6             0.00657  5
3914.1832 40798.433 3.5 15257.553 4.5 0.00280 18             0.00203 11
3063.4915 41996.750 0.5  9363.743 0.5 0.05790  5             0.05117  3
3066.5042 41996.750 0.5  9395.802 1.5 0.25130  3             0.24820  1
3112.0492 41996.750 0.5  9872.899 0.5 0.11520  4             0.11054  2
3117.6665 41996.750 0.5  9930.777 1.5 0.53030  3             0.53845  1
3122.0697 41996.750 0.5  9975.999 1.5 0.04530  5             0.04418  4
3056.7378 42068.848 1.5  9363.743 0.5 0.13540  3             0.13823  2
3071.2385 42068.848 1.5  9518.152 2.5 0.15660  3             0.15075  2
3102.9706 42068.848 1.5  9851.014 0.5 0.01650  6             0.01760  4
3105.0799 42068.848 1.5  9872.899 0.5 0.29500  3             0.30523  1
3110.6721 42068.848 1.5  9930.777 1.5 0.09200  3             0.09314  2
3115.0555 42068.848 1.5  9975.999 1.5 0.00770 13             0.00719  9
3119.7998 42068.848 1.5 10024.801 2.5 0.26870  3             0.24838  2
2660.1867 42208.823 2.5  4628.657 2.5                        0.00163 10
2987.3713 42208.823 2.5  8744.341 2.5                        0.00211  4
3046.6844 42208.823 2.5  9395.802 1.5 0.09280  3             0.08858  2
3058.0875 42208.823 2.5  9518.152 2.5 0.23060  3             0.21646  1
3097.1820 42208.823 2.5  9930.777 1.5 0.21250  3             0.20945  1
3101.5275 42208.823 2.5  9975.999 1.5 0.01570  5             0.01384  2
3106.2306 42208.823 2.5 10024.801 2.5 0.44370  3             0.46793  1
2571.0322 43780.953 4.5  4897.718 3.5 0.04670  5             0.04648 10
2874.1105 43780.953 4.5  8997.787 3.5 0.00520 35             0.00364  8
2884.1022 43780.953 4.5  9118.285 4.5 0.15530  3             0.17298  7
3214.1078 43780.953 4.5 12677.105 4.5 0.00660 20             0.00500  5
3224.2370 43780.953 4.5 12774.817 5.5 0.26620  3             0.26426  3
3504.8907 43780.953 4.5 15257.553 4.5 0.49890  3             0.48576  2
4367.6522 43780.953 4.5 20891.790 3.5 0.01780  7             0.01802  7
2498.9512 44902.446 2.5  4897.718 3.5 0.00640 22             0.00632 12
2762.2348 44902.446 2.5  8710.567 1.5 0.01350 15             0.01069  9
2764.8150 44902.446 2.5  8744.341 2.5 0.05290  5             0.05825  8
2815.5453 44902.446 2.5  9395.802 1.5 0.00660 23             0.00910  8
2862.3194 44902.446 2.5  9975.999 1.5 0.16190  4             0.18873  7
3097.6087 44902.446 2.5 12628.845 1.5 0.01090 16             0.00718  7
3110.0803 44902.446 2.5 12758.260 2.5 0.03500  5             0.03353  6
3535.4074 44902.446 2.5 16625.244 1.5 0.45140  3             0.42702  2
4163.6437 44902.446 2.5 20891.790 3.5 0.22420  6             0.22176  4
5072.2864 44902.446 2.5 25192.965 2.5 0.01760  9             0.01954  9
7953.5514 44902.446 2.5 32332.903 2.5                        0.00261 18
2761.2866 44914.873 1.5  8710.567 1.5 0.04870  7             0.04556  8
2812.0218 44914.873 1.5  9363.743 0.5 0.00460 26             0.00479 13
2814.5601 44914.873 1.5  9395.802 1.5                        0.00284 12
2851.1016 44914.873 1.5  9851.014 0.5 0.16400  4             0.18124  7
2852.8823 44914.873 1.5  9872.899 0.5                        0.00246 19
2861.3012 44914.873 1.5  9975.999 1.5 0.01700 15             0.02648  7
3096.4163 44914.873 1.5 12628.845 1.5 0.02820  8             0.02509  5
3108.8783 44914.873 1.5 12758.260 2.5 0.01560 18             0.00816  6
3520.2520 44914.873 1.5 16515.936 0.5 0.43770  3             0.41486  2
3533.8542 44914.873 1.5 16625.244 1.5 0.03230  6             0.03079  4
4171.9036 44914.873 1.5 20951.755 2.5 0.23040  6             0.22814  4
5010.2088 44914.873 1.5 24961.191 1.5 0.01600 15             0.01410  9
5069.0901 44914.873 1.5 25192.965 2.5 0.00460 22             0.00736 11
2719.4031 45472.452 0.5  8710.567 1.5 0.03570 15             0.03823  8
2806.4714 45472.452 0.5  9851.014 0.5 0.05570  8             0.06732  7
2816.3537 45472.452 0.5  9975.999 1.5 0.04570 11             0.04042  7
3043.8471 45472.452 0.5 12628.845 1.5 0.08210  6             0.08671  5
3452.4650 45472.452 0.5 16515.936 0.5 0.43310  4             0.42646  1
3465.5475 45472.452 0.5 16625.244 1.5 0.21480  4             0.21910  2
4874.0094 45472.452 0.5 24961.191 1.5 0.12130  7             0.10724  8
7575.4139 45472.452 0.5 32275.486 1.5                        0.01058 17
2713.7574 45548.927 1.5  8710.567 1.5                        0.00337 11
2716.2477 45548.927 1.5  8744.341 2.5 0.02080 14             0.04115  8
2765.1958 45548.927 1.5  9395.802 1.5 0.00920 34             0.00781  9
2810.2987 45548.927 1.5  9975.999 1.5 0.10320  2             0.10243  6
3036.7757 45548.927 1.5 12628.845 1.5 0.00850 20             0.00861  6
3048.7614 45548.927 1.5 12758.260 2.5 0.06170  3             0.06502  5
3443.3706 45548.927 1.5 16515.936 0.5 0.05300  3             0.04785  3
3456.3842 45548.927 1.5 16625.244 1.5 0.61200  1             0.59013  1
4064.3602 45548.927 1.5 20951.755 2.5 0.01410 19             0.01516  8
4855.9041 45548.927 1.5 24961.191 1.5 0.01320 14             0.01542 12
4911.1944 45548.927 1.5 25192.965 2.5 0.09340  6             0.08737  8
7531.7676 45548.927 1.5 32275.486 1.5                        0.00161 20
7564.4894 45548.927 1.5 32332.903 2.5                        0.00654 16
2725.7732 45673.764 4.5  8997.787 3.5 0.01130 19             0.01184  7
3029.7278 45673.764 4.5 12677.105 4.5 0.14110  4             0.15181  3
3038.7266 45673.764 4.5 12774.817 5.5 0.01120 17             0.01098  9
3286.7736 45673.764 4.5 15257.553 4.5 0.00750 17             0.00844  7
3287.6543 45673.764 4.5 15265.700 3.5 0.82890  4             0.81693  1
2717.2971 45908.659 5.5  9118.285 4.5 0.01330 15             0.01107  8
3008.3115 45908.659 5.5 12677.105 4.5                        0.00448  5
3017.1834 45908.659 5.5 12774.817 5.5 0.17130  4             0.14123  2
3261.5845 45908.659 5.5 15257.553 4.5 0.81550  4             0.83090  0
2348.4066 47466.748 3.5  4897.718 3.5                        0.00393 13
2581.7113 47466.748 3.5  8744.341 2.5 0.02330 13             0.01795  7
2880.2946 47466.748 3.5 12758.260 2.5 0.01060 15             0.01353  4
3103.8029 47466.748 3.5 15257.553 4.5 0.71410  3             0.72570  1
3104.5882 47466.748 3.5 15265.700 3.5 0.03800  6             0.03545  4
3761.8721 47466.748 3.5 20891.790 3.5 0.12160  4             0.12252  6
3770.3800 47466.748 3.5 20951.755 2.5 0.01720 13             0.00492 13
4488.3239 47466.748 3.5 25192.965 2.5 0.07030  5             0.07214 10
6605.8817 47466.748 3.5 32332.903 2.5                        0.00386 18
2325.0627 47625.048 2.5  4628.657 2.5                        0.00392 12
2568.9677 47625.048 2.5  8710.567 1.5 0.00890 36             0.01331  8
2856.6137 47625.048 2.5 12628.845 1.5 0.00630 30             0.01190  4
3089.4001 47625.048 2.5 15265.700 3.5 0.76980  4             0.75604  1
3739.5956 47625.048 2.5 20891.790 3.5 0.00920 26             0.00597 17
3748.0030 47625.048 2.5 20951.755 2.5 0.12500  5             0.12129  6
4411.0727 47625.048 2.5 24961.191 1.5 0.06620  6             0.06923  9
4456.6498 47625.048 2.5 25192.965 2.5 0.00650 32             0.00598 13
6513.0443 47625.048 2.5 32275.486 1.5                        0.00460 18
